1067.24 -883.705
1063.12 -979.734
1843.85 -901.041
1284.51 -888.555
1841.25 -764.604
648.851 -989.079
2627.58 1891.97
1281.01 -938.881
1277.24 -946.787
1118.48 -841.095
1097.16 -836.491
1049.13 -826.119
927.484 -1100.4
1038.46 -1110.73
1050.56 -1111.86
1087.04 -883.787
1049.67 -934.51
332.038 -1153.32
600.708 -1221.44
628.339 -1228.44
735.666 -949.181
703.462 -940.144
666.767 -929.847
692.115 -971.207
659.309 -987.799
2328.71 1180.51
108.393 -1226.27
212.164 -1265.66
341.081 -974.038
344.868 -975.339
