This program will make the robot wander around. It uses some avoidance
actions if obstacles are detected, otherwise it just has a
constant forward velocity.

Press CTRL-C or Escape to exit.
Could not connect to simulator, connecting to robot through serial port /dev/ttyUSB0.
Syncing 0
Syncing 1
Syncing 2
Connected to robot.
Name: Minnesota_1861
Type: Pioneer
Subtype: p3dx
ArConfig: Config version: 2.0
Loaded robot parameters from /usr/local/Aria/params/p3dx.p
ArLaserConnector: There is a port given, but no port type given so using the robot parameters port type
ArLaserConnector: Set serial port to open /dev/ttyUSB1
laser: waiting for laser to power on.
laser: Connected to the laser.
27 
11233 1013.62 27.2049 
11171 1015.38 27.0856 
11200 1011.6 29.2207 
11172 1008.94 21.9286 
11283 1017.41 26.4084 
11000 1014.82 27.8528 
10862 1009.54 25.2494 
10158 1012.6 22.133 
10979 1010.45 30.1482 
11233 1013.51 27.7981 
10989 1006.62 23.8764 
10126 1008.08 26.564 
10967 1015.86 23.1155 
10943 1011.74 27.1767 
10955 1019.22 23.0271 
11338 1013.99 28.9575 
11176 1008.09 23.9505 
10756 1020.03 23.0969 
10789 1018.23 23.1482 
10762 1016.89 19.4624 
10754 1018.17 25.8036 
10831 1015.66 24.6441 
11253 1014.19 26.9358 
10727 1019.14 27.3083 
11363 1018.74 28.3458 
4294 1022.54 23.5488 
11275 1015.79 29.819 
10822 1019.01 20.5249 
10809 1016.73 17.5187 
11005 1022.67 24.0099 
11278 1021.14 25.4159 
10932 1020.69 19.5338 
10777 1013.57 23.4558 
10559 1019.65 24.8457 
11145 1019.02 23.0981 
10837 1023.51 27.8888 
10853 1020.26 23.1017 
10797 1013.36 23.189 
10947 1012.76 23.5005 
10016 1016.43 20.3221 
10951 1018.7 25.2587 
10826 1020.4 30.9159 
10931 1015.39 24.9254 
4326 1012.75 31.2717 
10968 1019.91 19.999 
10802 1021.38 24.4953 
10820 1018.07 27.8245 
10966 1014.86 26.8318 
10790 1021.6 21.1045 
10803 1023.02 27.8216 
10769 1018.64 25.2548 
10724 1019.81 20.4134 
10815 1019.47 32.9203 
11086 1016.7 25.62 
10210 1021.35 25.2278 
10334 1016.67 31.0959 
10746 1016.19 22.8093 
10769 1022.13 22.6647 
10779 1016.37 30.3219 
10806 1017.68 19.6544 
10791 1014.18 22.5225 
10787 1019.48 24.883 
10763 1020.59 21.0634 
11200 1018.23 23.2836 
10572 1016.14 25.8204 
10775 1026.53 23.1813 
10734 1023.82 18.6709 
10769 1016.3 24.0427 
10736 1016.82 27.034 
11265 1012.29 33.2777 
10789 1022.13 31.6841 
10830 1013.52 30.8959 
10961 1026.98 25.9806 
10904 1021.71 21.1431 
10956 1023.58 30.6869 
10823 1017.71 21.5728 
10638 1020.16 20.0347 
11252 1019.18 26.1879 
10984 1020.35 21.0059 
10619 1025.2 18.2281 
10830 1024.75 14.3619 
11047 1022.19 19.8657 
10755 1020.09 19.8351 
10735 1022.63 21.8545 
10497 1031.21 23.8084 
10790 1026.22 18.8497 
10772 1015.24 27.0511 
10718 1028.4 25.6687 
10766 1023.95 28.6726 
10744 1024.15 27.6491 
11083 1024.75 27.7135 
10766 1019.44 29.3939 
10966 1020.39 24.646 
11006 1018.61 33.6421 
10952 1019.49 22.1861 
10980 1013.44 24.9529 
11018 1019.12 14.0612 
10958 1014.9 26.5737 
10991 1020.8 20.8129 
10962 1016.27 28.214 
11033 1017.7 30.2387 
10963 1011.95 29.4605 
10966 1026.65 24.8086 
10812 1019.26 23.8383 
10965 1024.98 31.4663 
10430 1024.15 23.6875 
11175 1024.67 31.0734 
11000 1025.66 28.5411 
11185 1014.01 22.9026 
11186 1017.33 25.7951 
10966 1024.77 27.8729 
11228 1021.35 26.9364 
11169 1019.4 23.086 
10951 1015.74 22.3854 
11203 1015.24 20.1273 
11202 1010.95 29.3091 
11137 1020.61 18.1516 
11077 1020.81 24.0804 
11073 1015.67 26.3644 
11184 1021.22 23.7576 
10949 1016.2 16.5372 
10986 1017.78 19.4726 
10976 1012.79 25.1688 
10679 1019.35 30.9274 
10755 1021.78 17.6301 
11268 1018.9 27.9319 
10937 1019.82 28.1104 
10839 1020.74 27.3201 
11008 1020.65 21.2422 
10265 1021.11 19.957 
10880 1023.16 28.0482 
10857 1020.75 23.0606 
10896 1018.71 30.997 
11338 1012.39 21.4513 
10875 1020.9 25.5803 
10885 1019.38 21.7188 
11411 1024.32 23.1383 
11128 1016.15 29.051 
10932 1012.51 22.3591 
10987 1017.88 22.6092 
10771 1024.3 19.4068 
10880 1013.9 29.3579 
11708 1027.18 25.6948 
11539 1018.9 21.2431 
11091 1024.91 23.8799 
11185 1019.77 22.3596 
11164 1020.01 25.1332 
11372 1029.47 29.2106 
11472 1023.53 21.8954 
11160 1026.4 19.6403 
11128 1020.36 26.5539 
10972 1017.34 20.9416 
11527 1024.39 23.6187 
10912 1011.43 21.5487 
11140 1026.18 28.7986 
11196 1019.96 25.5224 
10925 1014.71 23.4415 
10921 1015.76 19.8867 
10960 1019.41 22.8544 
10188 1013.62 24.5188 
11042 1014.27 16.4883 
10908 1021.49 21.9725 
10980 1017.23 22.4009 
10912 1017.79 20.499 
10979 1021.8 21.1154 
11156 1025.37 21.4182 
10962 1026.08 29.5789 
11006 1024.81 23.7744 
10963 1020.82 29.0644 
11177 1021.41 22.9286 
11077 1016.68 28.9853 
11331 1019.61 21.9709 
11008 1020.75 22.8984 
11075 1014.76 26.567 
11023 1012.45 23.0244 
10972 1020.61 26.2232 
10964 1024.66 26.3656 
10943 1020.67 20.3999 
10999 1014.32 28.7488 
11400 1016.62 24.7231 
10943 1021.22 20.4735 
10971 1020.15 29.4322 
11710 1014.57 25.7299 
11555 1017.38 19.0189 
11180 1016.82 20.2684 
11398 1018.72 22.5073 
11252 1020.63 22.4323 
11325 1019.86 29.2438 
10961 1014.54 20.0834 
11167 1018.93 23.4173 
11267 1014.71 23.534 
11195 1019.25 29.4779 
11164 1012.61 30.2494 
11092 1022.73 23.185 
10986 1014.31 16.2834 
11528 1021.29 17.0984 
11025 1018.21 29.9122 
11015 1021.11 22.4517 
11006 1015.31 24.021 
4116 1016.08 18.7067 
11184 1017.35 25.9928 
11052 1014.21 27.1343 
10997 1021.16 30.4549 
11577 1019.57 24.262 
11485 1023.12 22.5909 
11051 1017.32 25.1178 
11017 1014.43 30.4865 
11464 1011.87 17.755 1023.81 5.53853 
11410 1015.32 22.2236 
11008 1023.66 28.2609 
11155 1018.28 18.8023 
Aria: Received signal 'SIGINT'. Exiting.
Disconnecting from robot.
11028 1024.2 23.9115 
11248 1022.2 26.878 
laser: Disconnecting from laser.
11077 1022.24 32.6837 
11295 1022.24 32.6837 
10951 1022.24 32.6837 
