This program will make the robot wander around. It uses some avoidance
actions if obstacles are detected, otherwise it just has a
constant forward velocity.

Press CTRL-C or Escape to exit.
Could not connect to simulator, connecting to robot through serial port /dev/ttyUSB0.
Syncing 0
Syncing 1
Syncing 2
Connected to robot.
Name: Minnesota_1861
Type: Pioneer
Subtype: p3dx
ArConfig: Config version: 2.0
Loaded robot parameters from /usr/local/Aria/params/p3dx.p
ArLaserConnector: There is a port given, but no port type given so using the robot parameters port type
ArLaserConnector: Set serial port to open /dev/ttyUSB1
laser: waiting for laser to power on.
laser: Connected to the laser.
25 
10297 1099.8 196.297 
10073 1097.48 197.502 
10163 1095.5 202.216 
9612 1097.15 198.83 
9946 1100.82 198.629 
9788 1098.8 199.939 
10237 1099.58 199.128 
9970 1104.1 197.461 
9934 1094.63 196.876 
9792 1099.26 199.954 
10228 1097.32 197.732 
10216 1096.62 200.05 
9876 1098.71 198.007 
9599 1095.26 195.449 
9858 1093.46 195.733 
9875 1093.37 198.467 
9981 1097.43 202.568 
9948 1103.35 198.906 
9871 1104.36 198.904 
9770 1101.86 196.873 
9864 1105.39 198.395 
9794 1102.59 197.686 
9768 1104.88 197.415 
9807 1105.91 201.594 
9838 1101.77 194.197 
9426 1099.02 195.66 
9816 1104.34 192.841 
9923 1104.85 196.553 
9878 1100.63 195.89 
10080 1102.23 195.952 
10348 1104.95 191.703 
10208 1104.19 193.327 
10397 1107.58 197.523 
9939 1108.4 196.778 
9811 1100.21 197.738 
10003 1103.2 197.117 
10075 1100.55 194.207 
10126 1102.73 194.808 1132.59 185.337 
9816 1103.25 196.211 
9978 1098.96 194.526 
9860 1099.54 191.814 
10311 1102.15 195.428 
9825 1101.65 197.357 
9964 1104.34 199.455 
10021 1103.72 191.059 
9989 1106.34 195.794 
10110 1105.78 197.202 
10399 1105.12 201.126 1202.93 166.629 
10250 1104.1 200.96 
9880 1104.34 199.41 
9943 1104.42 198.196 
10016 1101.07 199.129 
9740 1101.3 198.55 
10283 1105.74 198.243 
10319 1105.91 199.144 
10004 1103.85 194.881 
8965 1101.83 194.446 
9932 1105.17 196.927 
9850 1103.14 196.166 
9856 1103.05 198.427 
9801 1102.19 195.379 
9827 1103.4 194.547 
9812 1101.21 197.273 
9887 1103.72 197.009 
9968 1104.96 195.916 
9774 1104.95 198.887 
10039 1104.91 198.663 
9823 1100.94 198.821 
9830 1102.56 195.247 
10380 1103.2 197.749 
10215 1099.24 194.09 
10248 1106.4 195.411 
10250 1106.43 193.278 
10329 1103.95 196.598 
9999 1104.17 196.106 
9849 1106.05 196.555 
9300 1103.43 192.583 
9738 1103.87 195.896 
8678 1110.36 194.647 
10002 1102.59 194.572 
9650 1106.04 197.224 
9875 1105.47 193.794 
9817 1106.08 200.379 
10405 1103.2 195.198 
10406 1107.47 195.859 
10047 1107.93 193.848 
10142 1106.43 201.597 
10137 1109.51 198.631 
10272 1106.6 195.424 
10586 1110.78 197.649 
9992 1104.42 195.817 
10161 1109.63 193.518 
10134 1103.94 203.165 
10117 1097.22 200.052 1213.33 162.932 
10167 1106.47 198.166 
10127 1104.89 196.394 
10584 1102.84 196.025 
10467 1102.02 198.316 
10130 1102.41 194.314 
10347 1098.68 193.691 
10406 1106.35 194.966 
10328 1101.29 197.8 
10157 1103.52 194.948 
9614 1106.4 198.489 
10170 1104.05 197.885 
10442 1104.52 198.58 
10241 1109.98 198.069 
10317 1104.36 196.973 
9605 1105.19 197.971 
10067 1105.42 192.923 
10150 1105.36 197.926 
10617 1102.89 197.873 
10319 1104.3 197.264 
10138 1098.32 196.229 
9353 1101.28 192.52 
9980 1099.43 195.593 
10168 1101.72 195.229 
10349 1098.54 193.022 
10135 1102.14 194.819 
10366 1106.6 197.907 
9888 1100.9 191.885 
10151 1103.65 196.908 
10571 1104.2 196.564 
10138 1102.74 197.294 
10322 1103.42 198.51 
10149 1100.92 198.284 
10337 1103.85 197.062 
10273 1104.75 198.386 
9071 1104.23 196.156 
10019 1102.67 197.629 
10150 1099.13 198.89 
9778 1104.17 199.476 
9884 1100.06 195.834 
9377 1100.95 198.421 
9979 1107.96 197.988 
9753 1101.99 195.55 
9849 1103.1 198.414 
9798 1106.67 197.642 
9851 1098.44 195.209 
9786 1105.65 197.091 
9822 1102.97 198.377 
9802 1100.98 198.962 
9858 1102.3 196.113 
9797 1101.61 193.198 
9922 1107.01 195.693 
9936 1102.39 196.473 
10101 1106.19 195.325 
10282 1102.09 195.028 
9774 1102.21 192.915 
10281 1104.83 197.59 
9838 1105.42 193.2 
9822 1104.39 194.507 
10241 1108.15 195.131 
9434 1100.19 193.747 
9756 1103.98 196.543 
10210 1107.45 193.859 
9241 1111.75 197.583 
10163 1108.37 193.179 
9992 1107.18 192.635 
9834 1106.26 194.319 
10381 1101.24 194.405 1093.91 196.74 
9852 1105.68 192.865 
10323 1103.89 192.403 
10009 1105.87 198.13 
10130 1104.85 192.065 
10064 1105.88 193.183 
10036 1107.95 196.127 
10415 1106.68 195.357 
9841 1102.97 192.886 
9985 1104.69 197.124 
9503 1104.68 192.323 
10035 1106.69 191.993 
8572 1100.27 194.732 
10221 1105.51 195.37 
10511 1105.79 192.926 
9897 1102.91 194.527 
9812 1104.22 192.275 
10015 1103.06 191.456 
Aria: Received signal 'SIGINT'. Exiting.
Disconnecting from robot.
9912 1106.75 193.663 
9845 1100.47 191.958 
laser: Disconnecting from laser.
10060 1103.52 196.156 
10118 1103.52 196.156 
10559 1103.52 196.156 
