This program will make the robot wander around. It uses some avoidance
actions if obstacles are detected, otherwise it just has a
constant forward velocity.

Press CTRL-C or Escape to exit.
Could not connect to simulator, connecting to robot through serial port /dev/ttyUSB0.
Syncing 0
Syncing 1
Syncing 2
Connected to robot.
Name: Minnesota_1861
Type: Pioneer
Subtype: p3dx
ArConfig: Config version: 2.0
Loaded robot parameters from /usr/local/Aria/params/p3dx.p
ArLaserConnector: There is a port given, but no port type given so using the robot parameters port type
ArLaserConnector: Set serial port to open /dev/ttyUSB1
laser: waiting for laser to power on.
laser: Connected to the laser.
24 
10048 1226.94 46.7054 
10134 1225.57 46.3665 
10232 1224.87 51.8635 1233.78 43.1901 
10208 1223.77 47.9095 1233.08 38.9445 
10291 1224.37 49.2907 
10332 1225.66 46.3668 
10601 1227.05 46.8014 
10336 1226.45 48.6237 
10056 1224.7 44.3748 
10421 1224.31 44.1488 
10345 1224.01 45.5031 
10067 1224.61 45.8869 
4106 1225.26 45.4485 
4527 1222.05 43.6704 
3822 1224.11 43.7873 
7540 1224.26 45.4357 
10821 1224.71 47.028 
10751 1227.66 43.9885 1233.1 38.4209 
10638 1227.93 42.4614 
10428 1229.56 44.2356 
10196 1226.97 42.8309 
10295 1229.75 45.5164 
10353 1230.11 45.6507 
10199 1228.11 44.108 
10140 1225.28 42.3401 
10425 1224.7 43.897 
10359 1226.9 42.6464 
10371 1226.47 41.7798 
10293 1226.03 44.1703 
10284 1226.01 43.4669 
10460 1224.3 43.3918 
10497 1226.73 42.7134 
4547 1227.42 42.9224 
10454 1225.38 41.4502 
10258 1222.18 42.4512 
10265 1229.6 44.985 
10120 1228.17 45.725 
9668 1225.71 42.4143 
9910 1227.08 50.995 1235.09 43.0949 
10227 1228.62 46.2249 
9682 1227.54 45.3918 
10131 1227.93 47.1529 
9928 1227.48 49.2469 
9970 1228.76 47.4956 
10221 1229.7 46.764 
9809 1228.38 44.8291 
9915 1230.93 43.2881 
9855 1227.38 46.8024 
4756 1228.58 46.0085 
10388 1229.11 43.3639 
9817 1228.78 44.8937 
9828 1227.77 45.8678 
9880 1225.21 44.4232 
9963 1229.75 42.2986 
9877 1225.83 44.1445 
9846 1226.38 45.8087 
10076 1225.57 45.9352 
9829 1222.44 39.384 
10333 1223.51 42.2636 
10218 1225.02 43.0489 
9891 1226.57 41.8208 
10298 1223.84 44.0081 
9986 1225.64 43.3383 
9466 1214.88 35.0552 
9884 1226.39 43.2499 
8685 1230.63 46.802 
9485 1227.7 40.9132 
9876 1220.9 40.0413 
10000 1222.81 40.3784 
9781 1226.52 44.9936 
9595 1230.54 44.4257 
9864 1229.4 46.1532 
9559 1226.63 42.1713 
10004 1226.71 46.21 
9994 1224.31 45.3167 
9767 1225.5 45.547 
9310 1223.32 48.2182 
9942 1224.17 44.3415 
9826 1226.13 43.8028 
9197 1223.28 44.8037 
9973 1225 44.0488 
9731 1221.04 44.5921 
9800 1223.86 46.2324 
10414 1224.93 44.4428 
9738 1226.77 46.5549 
10179 1227.31 43.8727 
Warning: ArRobot sync tasks too long at 264 ms, (100 ms normal 250 ms warning)
9984 1224.62 43.6813 
9819 1223.77 40.0091 
9300 1222.84 40.1334 
9822 1219.24 34.3186 
9031 1224.68 42.9673 
9762 1220.72 41.4301 
9820 1223.04 42.6211 
9856 1222.99 43.8328 
9674 1228.16 44.6347 
9476 1228.74 44.6669 
9467 1226.81 42.9904 
9975 1224.35 43.0777 
9830 1429.46 255.12 1215.76 35.8173 
9886 1408.22 230.859 1219.66 36.7015 
9963 1379.16 198.157 1219.35 35.0332 
9976 1227.37 44.8096 
9654 1225.45 45.4784 
10084 1226.07 46.5573 
9896 1221.32 43.2444 
9977 1218.55 40.3559 
9801 1224.6 44.0696 
9971 1222.16 45.0124 
4012 1225.73 46.4387 
10025 1220.41 38.9289 
10137 1222.52 43.453 
9231 1225.66 42.7937 
9688 1219.33 41.7785 
9838 1224.86 43.7443 
10509 1224.07 42.0256 
9910 1226.09 43.9542 
9999 1222.18 40.6022 
10109 1219.86 37.0426 
9964 1221.03 42.7299 
10080 1221.01 38.5357 
10063 1222.36 44.6753 
10299 1216.65 35.8519 1395.81 220.518 
10390 1219.47 40.3038 
10074 1214.71 40.1503 
10077 1210.19 30.4568 
10304 1223.16 45.1544 
10221 1221.15 44.0999 
10071 1224.23 43.2547 
4488 1225.3 42.8836 
10246 1224.27 45.8444 
10100 1222.14 47.5829 
10070 1223.03 46.424 
10078 1226.43 45.9542 
10095 1223.5 43.0887 
9993 1223.99 46.3588 
4066 1225.71 45.4271 
10074 1226.19 48.0312 
10247 1224.74 44.8923 
10282 1225.2 43.5572 
10233 1225.95 46.6603 
9847 1223.02 45.6484 
9475 1223.15 41.6802 
9617 1223.83 43.2916 
10184 1228.92 46.4644 
10296 1221.14 44.7403 
10032 1223.89 45.755 
9950 1224.66 41.1478 
9920 1222.85 42.639 
9975 1222.03 44.2081 
10198 1222.25 44.9813 
9963 1221.33 42.2588 
10461 1221.28 44.1814 
9783 1221.35 44.626 
9799 1216.3 39.3044 
9767 1222.42 46.4769 
10154 1221.28 45.1379 
9899 1214.77 40.6807 1369.27 196.641 
9803 1221.74 45.6734 
9841 1221.41 46.0301 
9816 1223.37 46.0437 
9931 1224.68 45.3333 
9941 1222.94 44.1238 
10096 1226.07 46.936 
9804 1223.9 46.4835 
9855 1224.68 44.6457 
10020 1223.98 44.7911 
9757 1229.22 48.4066 
9790 1224.78 44.9556 
9812 1223.36 44.1703 
9811 1225.48 44.0759 
9978 1224.52 44.3746 
9633 1225.99 44.5255 
10101 1221.38 42.1157 
10040 1222.8 43.5659 
9857 1225.34 47.4878 
9953 1221.99 43.9017 
9926 1224.4 41.1616 
9772 1221.53 44.073 
9738 1237.97 59.5641 
10041 1221.4 46.3741 
10171 1223.33 42.4929 
9805 1224.98 44.9661 
9812 1225.35 47.404 
9988 1225.82 44.263 
3889 1225.73 48.5948 
9820 1220.41 40.9121 
9833 1225.05 45.6316 
9855 1223.52 46.9411 
9870 1223.52 46.1977 
9970 1222.3 42.3346 
10079 1225.22 44.3688 
10008 1213.65 33.8158 
9885 1224.15 44.4265 
10068 1397.48 223.001 1216.23 39.1491 
10164 1215.7 40.1385 
10077 1223.89 47.1323 
9937 1223.74 44.8263 
9964 1226.55 43.8903 
9860 1223.83 45.0979 
9965 1222.41 43.4108 
10134 1225.98 44.1638 
10046 1226.79 45.0852 
9996 1224.55 44.0298 
10067 1226.24 44.4573 
10658 1225.99 43.1583 
10329 1226.64 45.9721 
10028 1224.6 41.9846 
9903 1222.88 42.8713 
9853 1219.2 40.2016 
9886 1223 43.0681 
10214 1223.04 45.1525 
9988 1224.95 43.9027 
9873 1222.34 43.5013 
9872 1222.02 44.0562 
9860 1223.41 43.4963 
10182 1222.64 41.2468 
10462 1221.87 45.4489 1227.74 39.868 
10356 1224.33 44.7645 
10193 1222.51 43.1949 
10298 1221.09 44.523 1224.36 41.4445 
10307 1222.29 45.0272 
10124 1227.6 48.5254 
10141 1224.42 46.0207 
9878 1204.74 27.6972 
9495 1219.98 45.3146 1234.2 31.3765 
10011 1224.27 46.4651 
10073 1227.12 48.5906 
10012 1224.25 47.4177 
10056 1224.79 47.2874 
10124 1221.57 43.9969 
9628 1222.87 46.5401 
10051 1214.74 35.9294 
10131 1223.88 44.582 
10058 1224.26 42.0387 
9590 1220.46 43.9131 
9413 1224.38 44.4767 
10145 1223.53 44.1392 
10039 1223.83 45.0856 
10308 1214.52 41.7012 
4090 1223.45 44.2421 
Aria: Received signal 'SIGINT'. Exiting.
Disconnecting from robot.
ArRobotPacketReceiver::receivePacket: bad packet, bad checksum
ArRobot::myPacketReader: Timed out (4) at 144440 (200 into cycle after sleeping 196)
8623 1224.39 48.1341 1231.32 41.374 
9575 1218.98 42.5645 1396.52 223.526 
laser: Disconnecting from laser.
10176 1221.39 43.9024 
10137 1221.39 43.9024 
10138 1221.39 43.9024 
