This program will make the robot wander around. It uses some avoidance
actions if obstacles are detected, otherwise it just has a
constant forward velocity.

Press CTRL-C or Escape to exit.
Could not connect to simulator, connecting to robot through serial port /dev/ttyUSB0.
Syncing 0
Syncing 1
Syncing 2
Connected to robot.
Name: Minnesota_1861
Type: Pioneer
Subtype: p3dx
ArConfig: Config version: 2.0
Loaded robot parameters from /usr/local/Aria/params/p3dx.p
ArLaserConnector: There is a port given, but no port type given so using the robot parameters port type
ArLaserConnector: Set serial port to open /dev/ttyUSB1
laser: waiting for laser to power on.
laser: Connected to the laser.
24 
10845 1799.25 -57.214 
10205 1803.44 -69.8257 
10779 1803.06 -65.638 
10750 1801.25 -66.4979 
10912 1800.79 -70.2006 
11201 1799.72 -52.5804 
11075 675.642 -1092.18 1797.13 -61.0394 
10998 1794.38 -65.551 
11082 1794.09 -59.6694 681.407 -1094.12 
10917 1803.68 -70.6856 
10997 1796.34 -68.7217 
10805 1805.42 -68.5853 
11027 1789.83 -60.5998 
11214 1802.82 -67.542 
10790 1801.85 -65.1037 
10886 1808.11 -77.9197 1770.25 -34.2062 678.564 -1092.35 
10844 1798.81 -70.2889 
10807 1793.84 -51.9673 
11026 1793.9 -67.0889 
11161 1797.53 -62.2309 
11248 1805.41 -65.0235 
10965 1802.29 -72.2971 
10462 1795.81 -67.9215 
10953 1805.05 -74.9371 
10879 1806.35 -67.5232 
11329 1804.28 -75.4332 
10850 1800.62 -72.1984 
10881 1789.47 -61.8364 
10792 1799.03 -71.9973 665.136 -1077.67 
11087 1802.77 -67.2477 680.877 -1079.39 
11344 1803.65 -63.3532 
10838 1795.06 -66.7659 
10821 1795.24 -70.6503 
10824 1796.19 -67.284 
11292 1802.31 -65.1484 
10816 1800.67 -81.3159 
10844 1795.78 -60.9674 
10820 1810.34 -80.0017 673.86 -1088.7 
10813 1800.09 -77.5015 
10847 1798.41 -71.987 
11002 1798.59 -70.8809 
11056 1804.35 -71.5453 
11002 1807.54 -75.1025 673.945 -1088.81 
11049 1802.18 -76.5686 
11002 1794.61 -63.7075 
10887 1796.04 -70.6274 
10166 1798.05 -68.0642 
10558 1788.64 -60.3293 1808.96 -83.9188 
11529 1799.78 -67.5779 
11048 1799.33 -85.5902 664.026 -1101.1 
11185 1800.37 -74.8424 
10971 1798.33 -63.7071 
11081 1794.45 -78.6058 
11015 1804.09 -78.1836 
10854 1797.83 -67.9647 
10840 1789.41 -61.645 
10809 1789.8 -60.6083 
10788 1807.28 -70.361 
11034 1802.79 -73.4072 
10851 1786.53 -69.0921 
11281 1802.69 -70.7416 
11459 1796.69 -74.7006 
11179 1800.58 -70.9618 
10908 1794.99 -72.1208 
10807 1796.64 -59.287 
10758 1793.56 -58.4246 
10795 1804.07 -73.5702 
11051 1794.12 -58.9736 
11096 1798 -72.7433 
11279 1802.15 -72.1338 
11389 1816.73 -78.6087 679.734 -1096.13 
10407 1796.77 -63.8711 
11065 1805.76 -79.0482 1764.39 -30.9268 677.14 -1091.46 
11041 1801.3 -70.5292 685.586 -1089.55 
11331 1796.41 -69.941 
11123 1795.71 -63.3664 
11329 1790.03 -56.6226 
11389 1795.07 -68.2622 
11347 1798.91 -67.4697 
11285 1806.02 -74.9947 685.829 -1079.12 
11094 1812.62 -77.2791 1772.59 -30.8919 681.592 -1090.33 
11302 1794.79 -56.4131 
11069 1804.44 -71.5568 1799.31 -65.5966 669.895 -1080.25 
11037 1797.21 -61.1945 
11069 1802.52 -69.3529 619.601 -1019.3 
11094 1799.53 -69.7828 
11277 1793.02 -57.668 
11199 1797.17 -70.8354 681.805 -1097.34 
10789 1797.51 -67.5248 
11035 1795.95 -73.0483 
10987 1794.17 -61.038 1773.66 -37.4061 673.507 -1084.02 
11063 1785.24 -54.033 
11477 1803.81 -79.6439 
11088 1802.75 -69.4726 
11061 1793.33 -72.2329 
11648 1796.99 -67.5273 
11243 1799.57 -67.0431 
11101 1798.18 -55.7673 693.495 -1085.36 
11058 1800.77 -74.6143 
11171 1795.67 -65.4466 667.811 -1089.83 
11607 1799.34 -69.7431 674.744 -1106.81 
11494 1800.07 -60.9196 1812.31 -75.0237 661.57 -1080.5 
11534 1795.39 -68.3118 
11273 1789.73 -60.3565 
11160 1794.12 -69.836 
11252 1797.97 -87.2981 
10932 1789.27 -59.6458 
11913 1787.44 -49.8003 
10838 1788.17 -72.7912 675.192 -1095.19 
11379 1795.96 -62.8156 
11285 1786.81 -62.6575 
11299 1800.26 -57.9685 
10849 1795.86 -64.3379 683.661 -1099.84 
10981 1801.29 -65.5201 679.699 -1102.18 
10956 1798.67 -57.432 
11236 1800.76 -56.342 
10848 1792.98 -64.9733 
10909 1801.52 -67.4715 
10846 1800.25 -67.4864 
10992 1792.48 -66.7942 
11020 1806.21 -60.3404 
11428 1798.98 -70.6809 
11081 1806.69 -69.5145 673.215 -1071.4 
11041 1809.61 -84.4136 
10997 1799.21 -67.4294 678.394 -1085.81 
11057 1804.7 -73.7538 
11313 1801.79 -74.0485 1771.06 -38.2757 682.364 -1098.21 
11497 1807.14 -67.1508 
11484 1797.07 -68.3696 
10965 1796.93 -76.3308 
10942 1799.87 -69.3505 625.031 -1025.81 
11041 1806.7 -67.5118 
10829 1790.51 -63.4218 
10849 1800.29 -70.1062 669.001 -1088.4 
11255 1804.79 -66.9299 683.013 -1087.99 
11320 1798 -62.7637 1794.79 -59.055 647.002 -1053.49 664.154 -1075.1 
10088 1800.84 -72.4078 680.896 -1094.38 
10600 1787.39 -48.5442 
10785 1793.15 -72.4157 
10899 1800.29 -70.1688 
10961 1797.37 -51.0527 
10866 1797.78 -62.9278 
10828 1804.81 -70.8951 
10798 1792.71 -67.6974 
11689 1800.77 -57.8024 
10986 1798.79 -70.5389 
10821 1804.74 -65.501 664.965 -1083.09 
10809 1801.75 -70.3984 
10804 1803.9 -70 
10935 1796.3 -71.9734 1803.11 -79.919 
10843 1792.9 -68.5784 
11027 1799.73 -63.5971 
10918 1806.2 -72.0015 
10833 1797.55 -68.4261 
10936 1797.94 -73.6111 678.096 -1102.24 
10989 1803.11 -73.0355 
10853 1800.61 -64.3851 
10900 1802.88 -75.7205 
10897 1801.57 -66.2743 
10977 1801.21 -80.3693 
11070 1800.51 -68.9574 
11027 1792.36 -65.8678 
10813 1789.64 -60.7537 
11316 1802.3 -73.5701 
11059 1805.39 -68.8503 
11036 1797.67 -63.4753 
10865 1795.28 -63.1603 
10792 1798.16 -65.3795 
10873 1802.79 -66.1062 
10820 1801.87 -68.0083 1799.6 -65.3732 666.988 -1080.02 
10837 1792.64 -66.1025 
11031 1799.84 -65.0175 
10841 1798.26 -57.7797 
10861 1802.09 -81.3939 
10879 1806.84 -75.0167 
10885 1800.42 -74.5053 673.503 -1086.88 
10921 1797.87 -64.6466 
10846 1803.18 -73.7094 606.936 -998.137 
10969 1794.06 -64.747 
11327 1803.68 -77.1398 665.082 -1086.93 
11653 1801.39 -68.4039 
10756 1795.66 -78.4851 
10820 1812.69 -74.3372 684.278 -1101.61 
11091 1803.37 -77.2792 
11160 1796.2 -68.5877 
11298 1798.81 -69.9972 673.111 -1087.69 
11172 1788.39 -73.2917 
11243 1805.46 -85.7986 669.812 -1089.67 
11377 1808.18 -79.6772 1796.44 -66.1218 
11034 1800.74 -72.4277 
11267 1797.8 -67.7096 
11195 1802.15 -57.738 
11236 1795.07 -73.4575 
11540 1792.67 -70.397 
11244 1801.33 -65.9509 
11052 1799.07 -69.0439 
11244 1796.8 -68.5541 
11066 1804.35 -73.0503 
10915 1807.33 -76.7325 
11072 1800.16 -67.2901 
10991 1803.6 -77.071 
11066 1800.42 -75.9285 
11167 1800.12 -68.9047 
11082 1795.38 -69.3097 
10231 1801.11 -75.5181 
10877 1799.58 -69.4972 
11051 1801.87 -82.3519 
11588 1798.5 -78.3349 667.904 -1082.44 
11055 1796.39 -63.3021 672.258 -1098.89 
11558 1793 -63.3739 
11032 1810.12 -73.7178 
11113 1789.2 -59.7284 
11553 1804.65 -59.5563 
10875 1801.68 -67.9571 
11064 1800.2 -75.1708 
10873 1787.37 -54.284 
11228 1794.19 -70.5037 
11236 1796.98 -82.4379 
11285 1792.82 -70.6203 
10835 1800.08 -84.0132 
11546 1804.76 -70.1499 
10795 1801.77 -79.5546 
11270 1793.22 -74.8635 
9230 1798.87 -72.1124 
11078 1803.34 -76.6989 
10711 1789.76 -55.908 
10828 1803.26 -75.2464 
10896 1805.03 -73.228 1775.63 -39.2966 
11296 1806.62 -73.7577 
11332 1797.7 -63.1052 
10878 1794.2 -66.6211 
10873 1795.92 -71.9583 
10874 1789.17 -79.3532 
10862 1797.55 -66.9134 
10876 1796.82 -66.6977 
10931 1789.23 -84.5916 1763.38 -54.0594 
10841 1794.6 -73.6272 
10661 1793.59 -75.0281 
11127 643.282 -1053 1809.96 -71.7245 
10699 1793.01 -67.1191 1765.43 -35.1065 678.003 -1093.32 
Aria: Received signal 'SIGINT'. Exiting.
Disconnecting from robot.
11179 1802.8 -73.9599 
11739 1799.33 -86.5236 
laser: Disconnecting from laser.
10705 1787.19 -56.1658 
10676 1787.19 -56.1658 
10957 1787.19 -56.1658 
