This program will make the robot wander around. It uses some avoidance
actions if obstacles are detected, otherwise it just has a
constant forward velocity.

Press CTRL-C or Escape to exit.
Could not connect to simulator, connecting to robot through serial port /dev/ttyUSB0.
Syncing 0
Syncing 1
Syncing 2
Connected to robot.
Name: Minnesota_1861
Type: Pioneer
Subtype: p3dx
ArConfig: Config version: 2.0
Loaded robot parameters from /usr/local/Aria/params/p3dx.p
ArLaserConnector: There is a port given, but no port type given so using the robot parameters port type
ArLaserConnector: Set serial port to open /dev/ttyUSB1
laser: waiting for laser to power on.
laser: Connected to the laser.
25 
10148 2057.23 15.5354 
9992 2050.05 8.69007 
9946 2073.36 0.571337 
9955 2051.28 16.405 
9931 2055.31 14.8505 
9863 2056.88 14.1146 
9994 2048.18 17.8699 
9894 2056.81 13.5917 
9911 2050.38 17.2384 
9855 2055.13 12.9967 
10110 2071.02 0.336784 
9906 2058 20.8545 
9883 2070.72 -2.829 
9885 2037.18 23.9218 
9945 2056.43 13.4513 
10294 2057.02 17.2543 
9906 2048.67 12.2034 
9957 2052.86 13.0757 
9802 2072.72 -2.13383 
10256 2062.49 9.22515 
9855 2089.17 -18.6006 2037.14 25.9808 
9724 2051.21 16.0445 
9939 2085.15 -9.36726 2037.59 31.4141 
10270 2052.37 16.5362 
9860 2079.11 -9.83754 
9794 2051.05 13.237 
10103 2088.34 -12.5629 2041.19 28.0291 
10400 2040.43 28.4002 
10137 2038.92 21.6093 
10338 2057.89 20.03 2055.66 21.9673 
9931 2053.97 11.0478 
10175 2060.22 8.57545 
10219 2050.46 14.5723 
10421 2056.18 11.5796 
10180 2052.7 16.211 
10239 2049.85 14.6378 
10208 2054.56 14.601 2050.79 17.7786 
10227 2059.11 9.59408 
10445 2053.21 12.7314 
10697 2053.69 14.8555 
10513 2051.67 16.2972 
10097 2062.12 10.9822 
10703 2057.31 12.771 
10336 2051.78 16.0027 
10420 2060.14 8.53995 
10714 2054.89 11.4473 
10459 2061.52 9.3311 
10209 2059.02 10.5028 
10230 2080.89 -8.94209 
10502 2053.47 19.5606 
10231 2055.03 9.73436 
10148 2056.37 13.6941 
10281 2052.1 15.2714 
10196 2046.97 17.9895 
10374 2058.02 8.98308 
10446 2050.77 11.2841 
10240 2055.29 10.8665 
10201 2082.19 -6.01264 2044.36 26.5485 
10222 2053.6 13.8233 
10309 2054.47 17.7141 
10316 2051.51 17.3703 
10075 2058.18 8.91761 
10172 2051.84 14.6377 
10703 2057.85 9.28317 
10415 2059.08 11.1364 
10476 2057.75 12.7844 
10494 2050.18 12.857 
9907 2062.95 8.45922 
9884 2060.59 10.6592 
10834 2081.83 -13.4141 
10381 2053.86 24.9578 
10373 2060.36 11.3765 
10413 2058.11 12.3669 
10323 2058.71 10.9047 
10258 2059.11 9.78815 
10084 2049.83 8.21978 
10201 2053.38 6.0607 2047.02 11.3394 
10065 2056.3 10.0973 
9833 2062.39 8.2234 
9916 2061.23 15.3752 
10281 2059.85 16.4377 
9451 2051.3 21.3591 
9897 2057.81 5.14542 
9852 2082.94 -12.3796 
9942 2043.57 20.2794 
10180 2071.99 0.0748508 
10392 2048 23.7453 
9813 2054.81 11.2098 
10114 2053.93 20.4907 
9893 2062.62 7.91002 
8796 2061.38 17.7111 
8925 2060.62 13.7882 
9460 2045.68 26.0702 
10336 2049.39 23.4003 
9897 2057.37 12.0656 
10098 2064.89 9.36957 
10095 2043.34 28.6735 
10021 2043.95 21.8491 
10017 2093.9 -14.432 2045.13 27.6967 
10018 2057.48 11.0444 
10052 2062.57 10.3536 
10037 2063.58 11.5421 
9948 2094.55 -14.311 2041.47 31.1406 
10013 2062.81 12.9194 
10342 2059.88 15.9753 2057.03 18.4555 
10120 2061.68 15.4083 
9825 2054.9 13.5448 
10063 2050.58 22.4588 
10083 2083.91 -9.5428 
10427 2061.95 12.3047 
10249 2062.71 14.6234 
10081 2065.41 20.3644 
9720 2062.85 16.0807 
10059 2060.44 10.7449 
4078 2089.69 -9.89348 2044.99 28.9797 
10751 2102.83 -20.7289 2050.98 24.0673 
10106 2061.35 13.0198 
10063 2059.96 21.3827 
10146 2059.96 12.5228 
9281 2055.18 13.7186 2060.12 9.50763 
Warning: Task 'Key Handler' took 650 ms to run (longer than the 250 warning time)
Warning: ArRobot sync tasks too long at 749 ms, (100 ms normal 250 ms warning)
9246 2056.99 15.0568 
9913 2059.55 14.915 
10036 2063.3 15.3954 
10042 2059.02 19.8607 
10111 2059.7 17.6429 
10047 2063.55 8.34082 
3841 2079.05 -6.8535 
10511 2060.41 13.9492 
10563 2054.89 19.2922 
10314 2084.6 -3.1647 
10553 2052.66 9.62743 
10483 2060.03 17.4878 
10062 2062.3 19.6756 
9789 2056.16 15.8952 
10029 2057.92 16.0292 
10146 2061.13 21.3596 
10378 2059.14 19.7514 
10116 2058.2 14.3426 
10049 2062.11 14.5495 
10225 2047.45 17.9423 
10671 2062.67 16.6557 
10633 2061.32 12.1379 
10290 2058.62 16.1246 
10679 2079.4 -6.54284 
10475 2084.29 -4.70871 2044.53 29.2433 
10098 2060.68 12.9508 
10404 2061.25 19.4181 
9917 2058.58 15.0966 
10212 2064.31 16.894 
9514 2068.79 15.7551 
10069 2056.48 22.5024 
10239 2053.18 20.3575 
10263 2050.83 19.5654 
10188 2054.62 15.7434 
10605 2052.43 17.5214 
10431 2052.44 16.0766 
10393 2056.64 20.4715 
10155 2051.76 14.5944 
10287 2061.06 10.572 
10222 2078.41 -10.6162 
10181 2058.5 14.34 
10221 2074.24 0.769277 
10189 2053.05 15.5125 
10239 2054.46 18.3448 
10166 2060.26 8.08258 
10458 2055.3 15.575 
10196 2059.8 7.23182 
10204 2057.39 9.62769 
10255 2058.76 15.1842 
10208 2060.1 11.4625 
10429 2060.37 11.3052 
10331 2046.67 17.2244 
10607 2089.61 -18.4891 2042.43 22.108 
10714 2063.16 8.5422 
9512 2059.92 8.75362 
10474 2065.61 8.76853 
10515 2059.48 6.9489 
10317 2065.29 15.2181 
4083 2052.99 15.1354 
10101 2050.55 18.345 
6993 2055.93 17.194 
10454 2071.78 1.81983 
10032 2080.89 -7.09123 
9981 2079.88 -9.25833 
9984 2092.26 -16.9648 2041.84 26.6667 
9855 2059.23 15.8899 
9161 2057.21 15.842 
9082 2045.81 21.779 
9225 2059.54 8.41742 
10161 2049.81 9.60819 
9717 2082.74 -7.57077 
Aria: Received signal 'SIGINT'. Exiting.
Disconnecting from robot.
9787 2055.87 9.33056 
9829 2058.77 6.78661 
laser: Disconnecting from laser.
9849 2053.65 14.5782 
4045 2053.65 14.5782 
9997 2053.65 14.5782 
