Line: -1.45203 1307.76
Line: 1.6812 1119.87
Line: 0.101447 3276.25
Segment: 2495.44 -1000.95 18 -1312 -1.45203 1307.76 69
Segment: 2149.06 1383.93 18 1129 1.6812 1119.87 58
Segment: 3369.2 -293.192 3385.9 -839.711 0.101447 3276.25 10

Line: 0.11587 3262.78
Line: 1.67716 1122.46
Line: -1.44867 1305.9
Segment: 3363.22 -292.669 3383.96 -839.227 0.11587 3262.78 10
Segment: 2253.45 1396.87 18 1131 1.67716 1122.46 59
Segment: 2584.41 -985.153 18 -1311 -1.44867 1305.9 70

Line: 1.6735 1124.54
Line: -1.44756 1304.7
Line: 0.110738 3266.9
Segment: 2158.29 1389.92 18 1133 1.6735 1124.54 58
Segment: 2686.73 -971.337 18 -1321 -1.44756 1304.7 71
Segment: 3349.28 -291.449 3389.78 -840.679 0.110738 3266.9 10

Line: 1.6735 1124.54
Line: -1.44756 1304.7
Line: 0.110738 3266.9
Segment: 2158.29 1389.92 18 1133 1.6735 1124.54 58
Segment: 2686.73 -971.337 18 -1321 -1.44756 1304.7 71
Segment: 3349.28 -291.449 3389.78 -840.679 0.110738 3266.9 10
