5.15167 -0.780499
5.15167 -0.780499
5.15167 -0.780499
5.15167 -0.780499
5.15167 -0.780499
5.15167 -0.780499
5.15167 -0.780499
5.15167 -0.780499
5.15167 -0.780499
5.15167 -0.780499
5.15167 -0.780499
5.15167 -0.780499
5.15167 -0.780499
5.15167 -0.780499
5.15167 -0.780499
5.14301 -1.06079
5.14364 -1.06079
5.14418 -1.06079
5.14473 -1.06079
5.14566 -1.06079
5.14625 -1.06079
5.14682 -1.06079
5.14738 -1.06079
5.14804 -1.06079
5.14859 -1.06079
5.14916 -1.06079
5.14978 -1.06079
5.15035 -1.06079
5.15096 -1.06079
4.89336 1.11527
4.96087 -1.14037
4.89447 1.11527
4.96198 -1.14037
4.89576 1.11527
4.96327 -1.14037
4.89692 1.11527
4.96443 -1.14037
4.89806 1.11527
4.96557 -1.14037
4.89955 1.11527
4.96706 -1.14037
4.90064 1.11527
4.96815 -1.14037
4.90208 1.11527
4.96959 -1.14037
4.90346 1.11527
4.97096 -1.14037
4.90473 1.11527
4.97224 -1.14037
4.9059 1.11527
4.97341 -1.14037
4.90701 1.11527
4.97452 -1.14037
4.90824 1.11527
4.97575 -1.14037
4.90939 1.11527
4.9769 -1.14037
4.91049 1.11527
4.978 -1.14037
5.1266 -1.09815
5.12857 -1.09555
5.1306 -1.09287
5.13267 -1.09014
5.13476 -1.08737
5.13692 -1.08451
5.13916 -1.08153
5.14121 -1.07881
5.14317 -1.07621
5.14529 -1.07339
5.14726 -1.07076
5.14926 -1.0681
5.15142 -1.06521
5.15349 -1.06244
5.1556 -1.05961
5.1576 -1.05694
4.96943 -1.09723
4.8869 1.09439
4.9716 -1.09468
4.88794 1.09689
4.97384 -1.09205
4.889 1.09948
4.97644 -1.08898
4.89024 1.10249
4.97876 -1.08625
4.89134 1.10518
4.98115 -1.08342
4.89248 1.10795
4.98348 -1.08068
4.89358 1.11065
4.98582 -1.07791
4.89469 1.11337
4.98809 -1.07522
4.89577 1.11601
4.99045 -1.07242
4.89689 1.11875
4.9926 -1.06987
4.8979 1.12126
4.99492 -1.06712
4.899 1.12395
4.99726 -1.06433
4.90011 1.12669
4.99946 -1.06171
4.90114 1.12926
5.00152 -1.05925
4.90212 1.13167
5.00363 -1.05673
4.90311 1.13414
4.91342 -1.09029
4.88852 1.12206
4.91614 -1.08735
4.88991 1.12499
4.91878 -1.08451
4.89125 1.12781
4.92114 -1.08196
4.89246 1.13035
4.92384 -1.07904
4.89383 1.13325
4.92634 -1.07634
4.89511 1.13593
4.92911 -1.07333
4.89652 1.13892
4.93168 -1.07054
4.89783 1.14169
4.93407 -1.06795
4.89904 1.14426
4.93641 -1.06541
4.90023 1.14679
4.93895 -1.06264
4.90152 1.14953
4.94149 -1.05988
4.90281 1.15227
4.94403 -1.05711
4.9041 1.15502
4.94643 -1.05448
4.90532 1.15762
4.94902 -1.05166
4.90663 1.16043
4.8716 1.13127
4.95767 -1.02817
4.87313 1.13059
4.95886 -1.02886
4.87455 1.12996
4.95996 -1.0295
4.87596 1.12933
4.96106 -1.03014
4.87738 1.1287
4.96216 -1.03078
4.87878 1.12808
4.96325 -1.03142
4.8803 1.12741
4.96443 -1.03211
4.88175 1.12676
4.96556 -1.03276
4.88338 1.12604
4.96682 -1.0335
4.88482 1.1254
4.96794 -1.03416
4.88623 1.12477
4.96904 -1.0348
4.88767 1.12413
4.97016 -1.03545
4.88907 1.1235
4.97125 -1.03609
4.89064 1.1228
4.97247 -1.0368
4.89206 1.12217
4.97357 -1.03744
4.89367 1.12145
4.97482 -1.03818
4.8951 1.12081
4.97594 -1.03883
4.89666 1.12011
4.97715 -1.03954
4.89824 1.11941
4.97838 -1.04026
4.89968 1.11876
4.97949 -1.04091
4.90115 1.11811
4.98063 -1.04158
4.90289 1.11733
4.98199 -1.04237
4.90432 1.11669
4.98309 -1.04302
4.94073 -1.13921
4.94198 -1.13916
4.94323 -1.13911
4.94449 -1.13906
4.94588 -1.13901
4.94716 -1.13896
4.94842 -1.1389
4.94967 -1.13885
4.95091 -1.1388
4.95216 -1.13875
4.95341 -1.1387
4.95471 -1.13865
4.95601 -1.1386
4.95726 -1.13855
4.95852 -1.1385
4.95979 -1.13845
4.96109 -1.1384
4.96234 -1.13835
4.96363 -1.13829
4.96489 -1.13824
4.96617 -1.13819
4.96742 -1.13814
4.96866 -1.13809
4.91181 -1.11843
4.90012 1.09628
4.91353 -1.11661
4.901 1.09809
4.91534 -1.11471
4.90193 1.09999
4.91699 -1.11297
4.90277 1.10172
4.91885 -1.111
4.90373 1.10368
4.92049 -1.10926
4.90457 1.10542
4.92235 -1.1073
4.90552 1.10738
4.92402 -1.10553
4.90638 1.10913
4.92573 -1.10372
4.90725 1.11094
4.9275 -1.10184
4.90816 1.11281
4.92915 -1.10009
4.90901 1.11455
4.93101 -1.09813
4.90995 1.11651
4.93268 -1.09635
4.91081 1.11828
4.93451 -1.0944
4.91175 1.12022
4.93617 -1.09263
4.91259 1.12198
4.93781 -1.09089
4.91343 1.12371
4.93959 -1.08899
4.91434 1.1256
4.94128 -1.08719
4.9152 1.1274
4.9432 -1.08514
4.91618 1.12943
4.94483 -1.0834
4.91701 1.13116
4.94668 -1.08142
4.91796 1.13313
4.94837 -1.07962
4.91881 1.13492
4.95027 -1.07758
4.91979 1.13695
4.95191 -1.07582
4.92062 1.1387
4.95378 -1.07381
4.92157 1.14069
4.95542 -1.07206
4.9224 1.14243
4.95728 -1.07006
4.92335 1.14442
4.95891 -1.06831
4.92418 1.14616
4.9608 -1.06627
4.92514 1.14818
4.96246 -1.06448
4.92599 1.14995
4.96431 -1.06249
4.92692 1.15193
4.88608 1.12079
5.00094 -1.06043
4.88712 1.12292
5.00295 -1.05824
4.88796 1.12465
5.00458 -1.05647
4.88891 1.12661
5.00643 -1.05446
4.8898 1.12846
5.00816 -1.05257
4.89074 1.1304
5.00999 -1.05057
4.89158 1.13215
5.01163 -1.04878
4.8925 1.13407
5.01343 -1.04682
4.89335 1.13583
5.01509 -1.04501
4.89429 1.13777
5.01691 -1.04302
4.89517 1.13961
5.01863 -1.04113
4.89611 1.14156
5.02046 -1.03913
4.89698 1.14339
5.02217 -1.03726
4.89788 1.14526
5.02392 -1.03534
4.91173 -1.13864
4.8997 1.14046
4.91361 -1.13667
4.90064 1.14242
4.91529 -1.13491
4.90148 1.14418
4.91696 -1.13315
4.90232 1.14593
4.9187 -1.13132
4.90319 1.14776
4.92037 -1.12957
4.90403 1.1495
4.92203 -1.12782
4.90486 1.15125
4.92369 -1.12607
4.90569 1.15299
4.92535 -1.12432
4.90652 1.15474
4.927 -1.12258
4.90734 1.15646
4.92868 -1.12081
4.90818 1.15823
4.93039 -1.119
4.90904 1.16003
4.93205 -1.11724
4.90987 1.16178
4.93371 -1.11549
4.9107 1.16353
4.93536 -1.11374
4.91152 1.16527
4.93708 -1.11192
4.91238 1.16708
4.93877 -1.11013
4.91322 1.16886
4.94042 -1.10838
4.91404 1.1706
4.9421 -1.10659
4.91488 1.17238
4.94387 -1.10471
4.91576 1.17425
4.94552 -1.10296
4.91658 1.17599
4.94718 -1.10119
4.91741 1.17775
4.94883 -1.09943
4.91823 1.17949
4.95047 -1.09768
4.91905 1.18124
4.95213 -1.09591
4.91987 1.183
4.95385 -1.09408
4.92072 1.18482
4.95558 -1.09223
4.92158 1.18665
4.95721 -1.09049
4.92239 1.18838
4.95886 -1.08871
4.92321 1.19014
4.96053 -1.08693
4.92404 1.19191
4.96215 -1.08519
4.92485 1.19364
4.96382 -1.08341
4.92567 1.1954
4.96546 -1.08164
4.92649 1.19716
5.03759 -1.05056
4.86162 1.15621
5.03946 -1.04851
4.86257 1.15819
5.04119 -1.04662
4.86344 1.16002
5.04284 -1.0448
4.86428 1.16177
5.04453 -1.04294
4.86514 1.16356
5.04621 -1.0411
4.86599 1.16534
5.04783 -1.03931
4.86681 1.16706
5.04953 -1.03743
4.86767 1.16887
5.05115 -1.03564
4.86849 1.17059
5.05279 -1.03383
4.86932 1.17234
5.05442 -1.03204
4.87015 1.17406
5.05605 -1.03023
4.87097 1.1758
5.05779 -1.0283
4.87185 1.17766
5.05941 -1.02651
4.87267 1.17938
5.06102 -1.02472
4.87349 1.1811
5.06269 -1.02288
4.87433 1.18288
5.06437 -1.02102
4.87518 1.18467
5.06602 -1.01918
4.87601 1.18643
5.06764 -1.01738
4.87683 1.18816
5.06927 -1.01557
4.87765 1.18991
5.07097 -1.01367
4.87851 1.19173
5.07263 -1.01183
4.87934 1.1935
5.07426 -1.01001
4.88017 1.19525
4.81016 1.22833
5.12868 -0.612382
4.81193 1.2268
5.12975 -0.614038
4.81385 1.22513
5.1309 -0.615835
4.81562 1.2236
5.13196 -0.617485
4.8173 1.22214
5.13298 -0.619063
4.819 1.22066
5.134 -0.620654
4.8207 1.21919
5.13502 -0.622246
4.82245 1.21767
5.13607 -0.623885
4.82421 1.21614
5.13713 -0.625538
4.82618 1.21442
5.13831 -0.627383
4.82792 1.2129
5.13936 -0.629022
4.82977 1.2113
5.14046 -0.630754
4.83163 1.20967
5.14158 -0.632504
4.83333 1.20819
5.1426 -0.634104
4.83506 1.20667
5.14364 -0.635731
4.83673 1.20521
5.14464 -0.637302
4.83844 1.20371
5.14567 -0.638921
4.84023 1.20215
5.14674 -0.640605
4.84194 1.20065
5.14776 -0.642214
4.84361 1.19918
5.14876 -0.643795
4.84528 1.19771
5.14976 -0.645374
4.847 1.19621
5.15079 -0.646992
4.9773 -1.1621
4.88227 1.12181
4.97909 -1.16028
4.88317 1.12359
4.98078 -1.15857
4.88402 1.12527
4.98245 -1.15687
4.88487 1.12693
4.98442 -1.15486
4.88586 1.1289
4.98613 -1.15312
4.88672 1.1306
4.9879 -1.15132
4.88761 1.13236
4.98962 -1.14957
4.88848 1.13408
4.9913 -1.14785
4.88933 1.13576
4.99297 -1.14615
4.89017 1.13743
4.99466 -1.14442
4.89102 1.13911
4.9965 -1.14253
4.89194 1.14096
4.99819 -1.14081
4.89279 1.14265
5.00023 -1.13871
4.89382 1.1447
5.00217 -1.13673
4.89479 1.14663
5.00389 -1.13496
4.89565 1.14836
5.00558 -1.13322
4.8965 1.15006
5.00724 -1.13152
4.89734 1.15172
5.00897 -1.12974
4.8982 1.15346
5.0107 -1.12796
4.89907 1.15519
5.01237 -1.12624
4.89991 1.15688
5.01402 -1.12454
4.90074 1.15854
5.01572 -1.12279
4.90159 1.16025
5.13314 -1.05213
5.13401 -1.05372
5.1349 -1.05533
5.13574 -1.05688
5.13663 -1.05851
5.13747 -1.06004
5.13849 -1.06191
5.13936 -1.06349
5.14022 -1.06507
5.1411 -1.06669
5.14198 -1.06832
5.14296 -1.07011
5.14382 -1.0717
5.14474 -1.0734
5.14571 -1.0752
5.14656 -1.07676
5.14746 -1.07843
5.14831 -1.08
5.14916 -1.08157
5.15 -1.08313
5.15084 -1.08468
5.15167 -1.08624
5.15251 -1.08779
5.15424 -1.08596
5.15593 -1.08418
5.1579 -1.0821
5.15958 -1.08032
5.16122 -1.07858
5.16288 -1.07682
5.16453 -1.07507
5.16624 -1.07326
5.1679 -1.07149
5.13487 -1.03536
5.13731 -1.03277
5.13971 -1.03021
5.14271 -1.02701
5.14516 -1.02439
5.14792 -1.02144
5.15096 -1.01818
5.15355 -1.01541
5.15644 -1.01231
5.02008 1.20303
4.85296 -1.07612
5.02245 1.20092
4.85415 -1.07815
5.02503 1.19861
4.85545 -1.08035
5.02823 1.19575
4.85706 -1.0831
5.03089 1.19337
4.85839 -1.08538
5.03359 1.19095
4.85975 -1.0877
5.03613 1.18868
4.86102 -1.08987
5.03887 1.18621
4.8624 -1.09223
5.04189 1.1835
4.86391 -1.09483
5.0443 1.18132
4.86512 -1.09691
5.04683 1.17904
4.86639 -1.09909
5.0493 1.17682
4.86762 -1.10121
5.05289 1.17357
4.86942 -1.10432
5.0554 1.1713
4.87067 -1.10649
5.05795 1.169
4.87195 -1.10869
5.13235 -0.962889
5.13405 -0.965838
5.13548 -0.968321
5.13681 -0.970639
5.13831 -0.973247
5.13961 -0.975524
5.14136 -0.978573
5.14265 -0.980845
5.14395 -0.983125
5.14542 -0.985706
5.14699 -0.988457
5.14841 -0.990953
5.1501 -0.993946
5.15146 -0.99634
4.9334 -1.01664
4.89805 1.20924
4.93476 -1.01894
4.90068 1.20696
4.93603 -1.0211
4.90316 1.20482
4.93735 -1.02333
4.90571 1.20261
4.93865 -1.02555
4.90825 1.20041
4.94029 -1.02833
4.91143 1.19765
4.94156 -1.03049
4.9139 1.1955
4.94291 -1.0328
4.91653 1.19321
4.94423 -1.03504
4.91909 1.19098
4.94554 -1.03728
4.92165 1.18875
4.94709 -1.03995
4.92468 1.18611
4.9485 -1.04236
4.92743 1.1837
4.94978 -1.04455
4.92992 1.18152
4.95138 -1.04731
4.93305 1.17878
4.87658 1.16111
4.92221 -0.98648
4.87898 1.15902
4.92347 -0.98859
4.88135 1.15696
4.92472 -0.990674
4.88388 1.15476
4.92606 -0.992898
4.88651 1.15248
4.92744 -0.99521
4.88898 1.15032
4.92874 -0.997389
4.89156 1.14806
4.9301 -0.999666
4.89406 1.14588
4.93142 -1.00187
4.89655 1.1437
4.93272 -1.00407
4.89898 1.14157
4.934 -1.00622
4.90164 1.13924
4.9354 -1.00857
4.90405 1.13712
4.93666 -1.0107
4.9067 1.13479
4.93806 -1.01306
4.90919 1.1326
4.93936 -1.01526
4.91194 1.13017
4.9408 -1.01771
4.91442 1.12799
4.9421 -1.01991
4.91689 1.1258
4.9434 -1.02211
4.91924 1.12373
4.94463 -1.02419
4.92188 1.12139
4.94601 -1.02655
4.92431 1.11924
4.94728 -1.02872
4.92681 1.11702
4.94859 -1.03094
4.92933 1.11478
4.94991 -1.03319
4.89277 1.15582
4.95029 -1.00811
4.89522 1.15368
4.95157 -1.01028
4.89767 1.15154
4.95285 -1.01245
4.90016 1.14936
4.95415 -1.01466
4.90289 1.14698
4.95558 -1.01708
4.90545 1.14473
4.95692 -1.01936
4.90783 1.14263
4.95816 -1.02148
4.91035 1.14042
4.95948 -1.02372
4.91267 1.13838
4.96069 -1.02579
4.91558 1.13582
4.9622 -1.02837
4.88749 1.11913
4.93898 -1.0429
4.8888 1.1215
4.94151 -1.0405
4.89011 1.12385
4.94402 -1.03812
4.89153 1.1264
4.94674 -1.03553
4.89279 1.12868
4.94916 -1.03322
4.89405 1.13096
4.95158 -1.03092
4.89554 1.13365
4.95445 -1.02818
4.89684 1.13601
4.95694 -1.0258
4.89821 1.1385
4.95959 -1.02327
4.89951 1.14086
4.96209 -1.02087
4.90093 1.14344
4.96482 -1.01825
4.90223 1.14582
4.96734 -1.01584
4.90353 1.1482
4.96985 -1.01343
4.90482 1.15054
4.97233 -1.01104
4.90623 1.15313
4.97506 -1.00842
4.90748 1.15541
4.97747 -1.00609
4.9089 1.15803
4.98022 -1.00344
4.91018 1.16036
4.98268 -1.00106
4.91157 1.16293
4.98538 -0.998446
4.91285 1.16529
4.98786 -0.996051
4.91421 1.16779
4.99049 -0.9935
4.92435 -1.04237
4.90767 1.12598
4.92714 -1.03974
4.90912 1.12861
4.92949 -1.03751
4.91035 1.13082
4.93208 -1.03505
4.91169 1.13327
4.93458 -1.03268
4.91299 1.13563
4.93699 -1.03039
4.91424 1.13791
4.93954 -1.02796
4.91556 1.14032
4.94212 -1.02551
4.9169 1.14276
4.94449 -1.02326
4.91812 1.145
4.93325 -0.995584
4.93465 -0.997864
4.93596 -1
4.93738 -1.00232
4.93863 -1.00438
4.93993 -1.00651
4.9414 -1.00892
4.9426 -1.01089
4.94388 -1.01301
4.94535 -1.01542
4.94665 -1.01756
4.9481 -1.01997
4.94934 -1.02201
4.95055 -1.02401
4.95181 -1.0261
4.95316 -1.02834
4.92877 -1.00752
4.87379 1.15408
4.93004 -1.00959
4.8762 1.15205
4.93139 -1.01182
4.8788 1.14985
4.9327 -1.01396
4.8813 1.14773
4.93392 -1.01597
4.88364 1.14575
4.93514 -1.01797
4.88596 1.14378
4.93637 -1.02001
4.88834 1.14176
4.93758 -1.02199
4.89064 1.13981
4.93893 -1.02423
4.89324 1.13759
4.94022 -1.02635
4.8957 1.13549
4.94142 -1.02834
4.89801 1.13352
4.94265 -1.03038
4.90037 1.13151
4.94388 -1.03242
4.90273 1.12949
4.94516 -1.03456
4.90521 1.12738
4.94638 -1.03658
4.90755 1.12537
4.9477 -1.03879
4.91009 1.12319
5.12939 -0.970719
5.13071 -0.972955
5.13203 -0.975203
5.13329 -0.977344
5.13469 -0.979722
5.13604 -0.982034
5.13739 -0.984337
5.13882 -0.986777
5.14008 -0.988936
5.14143 -0.991244
5.1428 -0.993594
5.14409 -0.995819
5.14545 -0.998155
5.14674 -1.00036
5.14807 -1.00266
5.14935 -1.00488
4.93569 -1.05514
4.87127 1.22793
4.93716 -1.05761
4.87419 1.2255
4.93843 -1.05973
4.8767 1.22341
4.93966 -1.0618
4.87915 1.22137
4.94099 -1.06404
4.8818 1.21917
4.94225 -1.06615
4.88428 1.21709
4.94352 -1.06829
4.88681 1.21498
4.94483 -1.0705
4.88942 1.2128
4.94615 -1.07274
4.89205 1.2106
4.94745 -1.07493
4.89463 1.20843
4.94876 -1.07715
4.89724 1.20624
4.95014 -1.07949
4.89999 1.20394
4.95138 -1.0816
4.90247 1.20185
4.9526 -1.08367
4.90489 1.19981
4.95396 -1.086
4.90762 1.19751
4.89295 1.13521
4.91162 -1.01053
4.89453 1.13788
4.91463 -1.00784
4.89585 1.14014
4.91717 -1.00557
4.89727 1.14256
4.91988 -1.00314
4.89854 1.14474
4.92233 -1.00094
4.89984 1.14696
4.92481 -0.998714
4.90117 1.14924
4.92736 -0.99642
4.90243 1.1514
4.92978 -0.994244
4.90367 1.15353
4.93216 -0.992099
4.90489 1.15563
4.93451 -0.989977
4.90621 1.15791
4.93705 -0.987684
4.90762 1.16035
4.93977 -0.985229
4.9089 1.16254
4.94222 -0.983014
4.91019 1.16478
4.94471 -0.980757
4.91153 1.1671
4.94729 -0.978414
4.91279 1.16928
4.94971 -0.976218
4.94125 -1.06646
4.87905 1.17095
4.94391 -1.0641
4.8804 1.17328
4.94659 -1.06171
4.88177 1.17564
4.94915 -1.05943
4.88307 1.17788
4.95194 -1.05694
4.88448 1.18033
4.95435 -1.05479
4.8857 1.18244
4.95687 -1.05253
4.88698 1.18466
4.95962 -1.05007
4.88838 1.18708
4.96223 -1.04773
4.8897 1.18938
4.96507 -1.04518
4.89114 1.19189
4.96753 -1.04297
4.89238 1.19405
4.97056 -1.04024
4.89391 1.19673
4.97319 -1.03788
4.89524 1.19905
4.9759 -1.03543
4.89661 1.20145
4.9783 -1.03326
4.89782 1.20357
4.89152 1.14553
4.91329 -1.07928
4.89306 1.14817
4.9163 -1.07663
4.89425 1.15022
4.91864 -1.07457
4.89556 1.15245
4.92118 -1.07232
4.89682 1.15461
4.92365 -1.07014
4.89819 1.15697
4.92633 -1.06777
4.89942 1.15908
4.92873 -1.06564
4.90072 1.16134
4.93129 -1.06337
4.90199 1.16352
4.93376 -1.06117
4.90329 1.16576
4.93631 -1.05891
4.90459 1.16801
4.93886 -1.05664
4.90587 1.17022
4.94136 -1.05441
4.90723 1.17259
4.94404 -1.05202
4.90849 1.17478
4.94651 -1.04982
4.90974 1.17696
4.94898 -1.04761
4.91106 1.17925
4.95157 -1.0453
4.91231 1.18142
4.95401 -1.04311
4.91386 1.18413
4.95707 -1.04037
4.91518 1.18644
4.95967 -1.03803
4.91644 1.18865
4.96216 -1.0358
4.91776 1.19096
4.96475 -1.03346
4.89084 1.15416
4.95839 -1.01868
4.89213 1.15637
4.96089 -1.01643
4.89347 1.15867
4.96347 -1.0141
4.89486 1.16105
4.96615 -1.01167
4.89617 1.16331
4.96869 -1.00937
4.89752 1.16564
4.9713 -1.007
4.89882 1.16788
4.97383 -1.00471
4.9001 1.17009
4.9763 -1.00246
4.90147 1.17247
4.97897 -1.00003
4.88467 1.16513
4.92206 -1.00802
4.88727 1.16306
4.92342 -1.01011
4.88967 1.16115
4.92467 -1.01204
4.89263 1.1588
4.9262 -1.01441
4.89509 1.15684
4.92748 -1.01639
4.8975 1.15491
4.92874 -1.01833
4.89987 1.15303
4.92997 -1.02024
4.90236 1.15103
4.93126 -1.02225
4.90498 1.14893
4.93262 -1.02436
4.90758 1.14685
4.93397 -1.02646
4.91023 1.14473
4.93534 -1.0286
4.91273 1.14272
4.93664 -1.03062
4.91528 1.14067
4.93796 -1.03268
4.91793 1.13853
4.93934 -1.03483
4.9204 1.13654
4.94062 -1.03683
4.92327 1.13423
4.9421 -1.03916
4.93052 -0.992346
4.9319 -0.994457
4.93321 -0.996478
4.93466 -0.998698
4.93594 -1.00067
4.93719 -1.0026
4.93855 -1.0047
4.93981 -1.00664
4.94115 -1.00872
4.94249 -1.0108
4.94388 -1.01295
4.94514 -1.01492
4.9465 -1.01702
4.9478 -1.01904
4.94916 -1.02117
4.94931 -0.978499
4.87103 1.19407
4.95061 -0.980487
4.87351 1.19212
4.95188 -0.982436
4.87593 1.19021
4.95317 -0.98443
4.87841 1.18826
4.95475 -0.986848
4.88142 1.18589
4.95619 -0.989065
4.88417 1.18372
4.95763 -0.991291
4.88693 1.18153
4.95895 -0.993335
4.88946 1.17953
4.96043 -0.995626
4.8923 1.17728
4.96171 -0.997596
4.89474 1.17535
4.96297 -0.999558
4.89716 1.17342
4.96419 -1.00145
4.8995 1.17156
4.9655 -1.00348
4.902 1.16957
4.96693 -1.0057
4.90475 1.16738
4.9683 -1.00784
4.90738 1.16528
4.96967 -1.00998
4.91002 1.16317
5.05516 -0.999312
4.82582 1.1996
5.05642 -1.00131
4.82824 1.19773
5.05774 -1.00341
4.83079 1.19576
5.05944 -1.00612
4.83407 1.1932
5.06084 -1.00836
4.83677 1.1911
5.06211 -1.01039
4.83922 1.18919
5.06357 -1.01274
4.84206 1.18698
5.06496 -1.01495
4.84473 1.18489
5.06631 -1.01713
4.84736 1.18284
5.06761 -1.01922
4.84987 1.18087
5.06904 -1.02151
4.85263 1.17871
5.07039 -1.02369
4.85525 1.17666
5.07182 -1.02601
4.85803 1.17448
5.07303 -1.02796
4.86037 1.17264
5.07433 -1.03007
4.8629 1.17065
4.92382 -1.00268
4.88503 1.19765
4.92508 -1.00461
4.88745 1.19574
4.92633 -1.00653
4.88986 1.19384
4.92758 -1.00846
4.89227 1.19193
4.92915 -1.01089
4.89532 1.18952
4.93044 -1.01288
4.89781 1.18755
4.93193 -1.01519
4.90069 1.18527
4.93314 -1.01706
4.90303 1.18341
4.93445 -1.01909
4.90556 1.1814
4.93586 -1.02129
4.90831 1.17921
4.93713 -1.02326
4.91077 1.17725
4.93859 -1.02553
4.91359 1.17501
4.93988 -1.02754
4.91609 1.17301
4.94113 -1.02949
4.91851 1.17107
4.94251 -1.03165
4.92119 1.16893
4.90004 1.17546
4.92449 -1.05229
4.90284 1.17323
4.92592 -1.05454
4.90536 1.17123
4.9272 -1.05656
4.90788 1.16922
4.92849 -1.05858
4.91097 1.16675
4.93006 -1.06106
4.91366 1.1646
4.93143 -1.06322
4.91626 1.16252
4.93275 -1.06531
4.919 1.16032
4.93415 -1.06752
4.92146 1.15835
4.9354 -1.0695
4.92421 1.15614
4.93679 -1.07172
4.92663 1.1542
4.93802 -1.07367
4.92908 1.15222
4.93926 -1.07565
4.9318 1.15003
4.94064 -1.07785
4.93426 1.14804
4.94189 -1.07984
4.93717 1.1457
4.94336 -1.08219
4.91133 1.12907
4.92198 -1.13203
4.91268 1.13117
4.92463 -1.12993
4.91398 1.13317
4.92717 -1.12792
4.91529 1.1352
4.92973 -1.12588
4.91671 1.1374
4.93251 -1.12367
4.91812 1.13959
4.93526 -1.12148
4.91939 1.14157
4.93776 -1.11948
4.92066 1.14354
4.94025 -1.1175
4.92199 1.14562
4.94286 -1.11541
4.92333 1.14772
4.9455 -1.1133
4.92459 1.14968
4.94797 -1.11133
4.92604 1.15195
4.95081 -1.10905
4.9273 1.15393
4.9533 -1.10705
4.9286 1.15596
4.95584 -1.10501
4.92997 1.15811
4.95854 -1.10284
4.93119 1.16004
4.96095 -1.10089
4.93253 1.16215
4.96359 -1.09877
4.93388 1.16428
4.96625 -1.09662
4.93524 1.16642
4.96892 -1.09446
4.93654 1.16847
4.97148 -1.09239
4.93788 1.1706
4.97413 -1.09024
4.92269 -1.08519
4.90542 1.10887
4.92525 -1.08314
4.90675 1.11091
4.92765 -1.08122
4.908 1.11282
4.93033 -1.07907
4.90939 1.11496
4.93278 -1.0771
4.91067 1.11692
4.93558 -1.07485
4.91212 1.11915
4.9382 -1.07274
4.91349 1.12125
4.94059 -1.07081
4.91473 1.12317
4.94302 -1.06885
4.91599 1.12511
4.94548 -1.06686
4.91727 1.12709
4.86325 1.22117
4.97057 -1.04194
4.86578 1.21927
4.97185 -1.04391
4.86853 1.21719
4.97324 -1.04605
4.87101 1.21531
4.9745 -1.04798
4.87347 1.21346
4.97574 -1.04989
4.87618 1.2114
4.97711 -1.052
4.87908 1.2092
4.97858 -1.05427
4.8817 1.20721
4.97991 -1.05631
4.88408 1.2054
4.98111 -1.05818
4.88676 1.20336
4.98246 -1.06028
4.88936 1.20139
4.98377 -1.0623
4.89191 1.19944
4.98506 -1.06431
4.8944 1.19754
4.98632 -1.06626
4.89704 1.19552
4.98765 -1.06833
4.8995 1.19364
4.98889 -1.07026
4.9021 1.19164
4.9902 -1.0723
4.89842 -1.1161
4.9145 1.14764
4.9009 -1.11421
4.91576 1.14954
4.90279 -1.11276
4.91673 1.15099
4.90449 -1.11146
4.91759 1.1523
4.90638 -1.11002
4.91855 1.15374
4.90808 -1.10871
4.91942 1.15506
4.9098 -1.10739
4.92029 1.15638
4.91151 -1.10608
4.92116 1.15769
4.9132 -1.10478
4.92202 1.159
4.91492 -1.10346
4.92289 1.16032
4.91661 -1.10216
4.92375 1.16162
4.9185 -1.1007
4.92471 1.16308
4.9202 -1.0994
4.92557 1.16439
4.92192 -1.09807
4.92644 1.16572
4.92359 -1.09678
4.92729 1.16701
4.92538 -1.0954
4.9282 1.16839
4.92705 -1.09411
4.92905 1.16969
4.92873 -1.09281
4.9299 1.17099
4.93044 -1.09149
4.93076 1.17231
4.93225 -1.09008
4.93168 1.17371
4.93394 -1.08878
4.93253 1.17502
4.93561 -1.08748
4.93338 1.17632
4.93729 -1.08617
4.93423 1.17762
4.87864 1.17361
4.94815 -1.08183
4.87948 1.17489
4.94982 -1.08053
4.88051 1.17643
4.95184 -1.07895
4.88136 1.17772
4.95352 -1.07763
4.88221 1.179
4.9552 -1.07632
4.88305 1.18028
4.95686 -1.07502
4.88391 1.18157
4.95855 -1.0737
4.88477 1.18287
4.96024 -1.07237
4.88563 1.18417
4.96194 -1.07104
4.88653 1.18554
4.96372 -1.06964
4.88739 1.18686
4.96543 -1.0683
4.88824 1.18814
4.9671 -1.06699
4.88908 1.18943
4.96877 -1.06567
4.88993 1.19071
4.97044 -1.06436
4.89086 1.19213
4.97228 -1.06291
4.8917 1.19342
4.97395 -1.06159
4.89255 1.19472
4.97564 -1.06026
4.89339 1.196
4.9773 -1.05895
4.89426 1.19733
4.97902 -1.05759
4.8951 1.19862
4.98069 -1.05627
4.89595 1.19991
4.98236 -1.05494
4.8968 1.20121
4.98405 -1.05361
4.89763 1.20249
4.9857 -1.0523
4.83412 1.19869
4.90321 -1.1166
4.83498 1.2
4.90495 -1.11527
4.83582 1.20126
4.90664 -1.11398
4.83673 1.20264
4.90846 -1.11258
4.83757 1.2039
4.91015 -1.11129
4.8385 1.2053
4.91201 -1.10986
4.83934 1.20657
4.9137 -1.10856
4.84027 1.20798
4.91558 -1.10712
4.84114 1.20929
4.91732 -1.10578
4.84205 1.21067
4.91915 -1.10437
4.84288 1.21193
4.92083 -1.10308
4.84381 1.21335
4.92271 -1.10163
4.84465 1.21461
4.92438 -1.10034
4.84558 1.21603
4.92626 -1.09889
4.84645 1.21735
4.92801 -1.09754
4.84729 1.21863
4.9297 -1.09623
4.8482 1.22001
4.93154 -1.09481
4.84904 1.2213
4.93324 -1.0935
4.84998 1.22274
4.93514 -1.09202
4.85081 1.22401
4.93682 -1.09072
4.85172 1.22539
4.93864 -1.0893
4.85258 1.22671
4.94038 -1.08795
4.85353 1.22816
4.9423 -1.08646
4.94238 -1.10703
4.87323 1.1796
4.94433 -1.10552
4.87421 1.18107
4.94605 -1.10418
4.87508 1.18239
4.94773 -1.10288
4.87592 1.18366
4.94941 -1.10158
4.87677 1.18494
4.95111 -1.10026
4.87762 1.18623
4.95284 -1.09891
4.87849 1.18755
4.95452 -1.09761
4.87933 1.18883
4.9562 -1.0963
4.88018 1.19011
4.95787 -1.09499
4.88102 1.19139
4.95954 -1.09369
4.88186 1.19266
4.96123 -1.09237
4.8827 1.19395
4.96291 -1.09106
4.88355 1.19523
4.96465 -1.0897
4.88442 1.19657
4.96634 -1.08838
4.88527 1.19785
4.96802 -1.08706
4.88611 1.19914
4.96971 -1.08574
4.88696 1.20044
4.97143 -1.08439
4.88782 1.20175
4.97424 -1.08218
4.88923 1.20391
4.97746 -1.07966
4.89084 1.20637
4.97983 -1.07779
4.89202 1.20819
4.88553 1.1934
4.97622 -1.07394
4.88683 1.19539
4.97882 -1.0719
4.88836 1.19772
4.98184 -1.06951
4.88955 1.19954
4.98421 -1.06764
4.89074 1.20135
4.98657 -1.06578
4.89194 1.20319
4.98896 -1.06389
4.89324 1.20519
4.99155 -1.06184
4.89511 1.20806
4.99527 -1.05889
4.89634 1.20996
4.99773 -1.05693
4.89777 1.21215
5.00057 -1.05467
4.89897 1.21401
5.00296 -1.05277
4.90044 1.21627
5.00589 -1.05043
4.90167 1.21817
5.00835 -1.04847
4.90288 1.22004
5.01075 -1.04655
4.90429 1.22224
5.01358 -1.04429
4.96971 -1.14254
4.88576 1.18798
4.97304 -1.13996
4.88742 1.1905
4.97551 -1.13805
4.88865 1.19236
4.97836 -1.13583
4.89007 1.19453
4.98122 -1.13361
4.89148 1.19669
4.98437 -1.13116
4.89305 1.19909
4.98697 -1.12912
4.89434 1.20106
4.98977 -1.12694
4.89573 1.20319
4.99247 -1.12483
4.89707 1.20524
4.9951 -1.12277
4.89837 1.20725
4.99774 -1.1207
4.89968 1.20926
5.00028 -1.11872
4.90094 1.2112
5.00276 -1.11676
4.90217 1.21309
5.00579 -1.11438
4.90367 1.21541
5.00834 -1.11238
4.90492 1.21736
4.91906 1.20021
4.90191 -1.08037
4.92029 1.2021
4.90435 -1.07849
4.92159 1.20412
4.90696 -1.07648
4.92282 1.20601
4.9094 -1.07459
4.9242 1.20815
4.91215 -1.07247
4.92538 1.20998
4.91451 -1.07064
4.92667 1.21199
4.91709 -1.06864
4.92799 1.21403
4.91973 -1.06659
4.92951 1.2164
4.92276 -1.06424
4.93071 1.21827
4.92517 -1.06237
4.93188 1.2201
4.92752 -1.06053
4.93315 1.22208
4.93006 -1.05856
4.93451 1.22421
4.93278 -1.05643
4.93574 1.22613
4.93524 -1.05452
4.93699 1.2281
4.93775 -1.05255
4.90076 -1.08892
4.90057 1.22106
4.90346 -1.08684
4.90191 1.22314
4.90587 -1.08498
4.90311 1.22499
4.90845 -1.083
4.90438 1.22697
4.91092 -1.08109
4.90561 1.22887
4.91341 -1.07917
4.90684 1.23079
4.91579 -1.07733
4.90802 1.23263
4.91835 -1.07535
4.90929 1.23461
4.92122 -1.07313
4.91071 1.23682
4.92402 -1.07095
4.91209 1.23899
4.92666 -1.06891
4.91339 1.24103
4.92909 -1.06701
4.9146 1.24291
4.93146 -1.06517
4.91576 1.24475
4.93394 -1.06323
4.91699 1.24668
4.93637 -1.06134
4.91819 1.24856
4.93903 -1.05926
4.9195 1.25063
5.10597 -1.09572
5.11775 0.6397
5.10848 -1.09368
5.11931 0.641745
5.11114 -1.09152
5.12097 0.643916
5.1136 -1.08951
5.1225 0.645928
5.11616 -1.08743
5.12408 0.648012
5.11867 -1.08538
5.12565 0.650069
5.12123 -1.08329
5.12723 0.652159
5.12393 -1.08108
5.12891 0.654375
5.12661 -1.07889
5.13057 0.656566
5.12936 -1.07664
5.13228 0.658823
5.13177 -1.07466
5.13378 0.660804
5.13457 -1.07235
5.13552 0.663109
5.13703 -1.07033
5.13704 0.665131
5.13952 -1.06829
5.13858 0.667176
5.14211 -1.06615
5.14019 0.669311
4.90057 -1.11256
4.90291 1.22004
4.90338 -1.11042
4.9043 1.22218
4.90584 -1.10853
4.90551 1.22407
4.90861 -1.10641
4.90688 1.22619
4.91111 -1.10449
4.90811 1.2281
4.91397 -1.10229
4.90952 1.2303
4.91648 -1.10036
4.91075 1.23223
4.91918 -1.09828
4.91209 1.2343
4.92154 -1.09646
4.91325 1.23612
4.9244 -1.09425
4.91466 1.23832
4.9271 -1.09216
4.91598 1.24041
4.92952 -1.0903
4.91717 1.24227
4.93217 -1.08824
4.91847 1.24432
4.93491 -1.08611
4.91982 1.24643
4.9373 -1.08426
4.92099 1.24828
4.90103 -1.09471
4.90061 1.23964
4.90347 -1.09283
4.90181 1.24152
4.90594 -1.09094
4.90302 1.24341
4.90838 -1.08906
4.90422 1.24528
4.91107 -1.08699
4.90554 1.24735
4.91363 -1.08502
4.90679 1.24932
4.91604 -1.08316
4.90798 1.25118
4.91864 -1.08115
4.90925 1.25318
4.92115 -1.0792
4.91048 1.25512
4.92384 -1.07712
4.9118 1.2572
4.92674 -1.07487
4.91322 1.25944
4.92927 -1.0729
4.91445 1.2614
4.93177 -1.07096
4.91568 1.26334
4.93432 -1.06898
4.91692 1.26531
4.93674 -1.06709
4.91811 1.26718
4.93954 -1.0649
4.91947 1.26936
4.8526 1.20509
5.00786 -1.13052
4.85394 1.20711
5.01055 -1.12841
4.85518 1.20899
5.01306 -1.12644
4.85665 1.21123
5.01604 -1.1241
4.85786 1.21308
5.0185 -1.12216
4.85914 1.21503
5.02108 -1.12013
4.86055 1.21717
5.02392 -1.11788
4.86185 1.21916
5.02656 -1.1158
4.86321 1.22126
5.02933 -1.11361
4.86453 1.22327
5.03199 -1.1115
4.86619 1.22583
5.03537 -1.10882
4.8675 1.22783
5.03801 -1.10672
4.86871 1.2297
5.04048 -1.10476
4.87002 1.23171
5.04313 -1.10264
4.8713 1.23369
5.04573 -1.10057
4.89684 1.21833
4.90776 -1.1298
4.89816 1.22036
4.91042 -1.12777
4.89944 1.22235
4.91303 -1.12578
4.90073 1.22434
4.91565 -1.12377
4.90197 1.22627
4.91817 -1.12184
4.9033 1.22833
4.92088 -1.11976
4.90462 1.23039
4.92357 -1.1177
4.90584 1.23229
4.92606 -1.11578
4.9071 1.23425
4.92862 -1.11382
4.90835 1.2362
4.93117 -1.11185
4.90977 1.23843
4.93407 -1.10961
4.91101 1.24037
4.93661 -1.10765
4.91232 1.24241
4.93926 -1.1056
4.91353 1.24432
4.94175 -1.10367
4.91477 1.24626
4.94428 -1.10171
5.08094 -1.12897
4.82477 1.19355
5.08346 -1.12695
4.82603 1.19543
5.0859 -1.12499
4.82724 1.19725
5.08844 -1.12295
4.82851 1.19915
5.09118 -1.12075
4.82986 1.20119
5.09374 -1.11869
4.83114 1.20311
5.09651 -1.11646
4.83251 1.20518
5.09898 -1.11447
4.83374 1.20704
5.10182 -1.11217
4.83515 1.20917
5.10437 -1.11011
4.83642 1.21108
5.10712 -1.10789
4.83778 1.21314
5.10968 -1.10582
4.83905 1.21506
5.11231 -1.10368
4.84035 1.21705
5.11475 -1.1017
4.84156 1.21888
5.11733 -1.0996
4.84284 1.22083
5.12009 -1.09736
4.8442 1.22291
4.90318 -1.1138
4.9059 -1.11173
4.90851 -1.10972
4.91107 -1.10776
4.91361 -1.10581
4.91621 -1.10381
4.91879 -1.10182
4.92127 -1.09991
4.92376 -1.098
4.92624 -1.09608
4.92901 -1.09394
4.93211 -1.09154
4.93485 -1.08942
4.93748 -1.08737
4.94008 -1.08535
4.86675 1.19535
4.9793 -1.11988
4.8681 1.1974
4.98203 -1.11775
4.86939 1.19936
4.98461 -1.11573
4.87043 1.20094
4.9867 -1.1141
4.87129 1.20224
4.98842 -1.11275
4.87213 1.20352
4.99011 -1.11143
4.87297 1.20481
4.9918 -1.1101
4.87381 1.20609
4.99349 -1.10878
4.87465 1.20737
4.99517 -1.10746
4.87548 1.20864
4.99685 -1.10613
4.87641 1.21007
4.99872 -1.10466
4.87725 1.21135
5.00041 -1.10334
4.8781 1.21264
5.00211 -1.10199
4.87904 1.2141
5.00402 -1.10049
4.87991 1.21543
5.00577 -1.09911
4.88076 1.21673
5.00748 -1.09776
4.88161 1.21804
5.00919 -1.09641
4.88248 1.21938
5.01095 -1.09501
4.88335 1.22071
5.01269 -1.09364
4.88418 1.222
5.01439 -1.0923
4.88502 1.22329
5.01607 -1.09096
4.88586 1.22459
5.01777 -1.08961
4.91168 -1.10646
4.89972 1.17507
4.91338 -1.10516
4.90058 1.17636
4.91534 -1.10365
4.90157 1.17787
4.91702 -1.10236
4.90242 1.17916
4.91873 -1.10105
4.90327 1.18046
4.92041 -1.09975
4.90412 1.18175
4.9221 -1.09845
4.90497 1.18305
4.92378 -1.09716
4.90582 1.18434
4.92546 -1.09585
4.90667 1.18563
4.92718 -1.09453
4.90753 1.18695
4.92887 -1.09322
4.90838 1.18825
4.93059 -1.09189
4.90925 1.18958
4.93227 -1.09059
4.91009 1.19087
4.93396 -1.08928
4.91094 1.19217
4.93599 -1.08771
4.91196 1.19373
4.93771 -1.08637
4.91282 1.19506
4.93944 -1.08502
4.91369 1.1964
4.94112 -1.08372
4.91453 1.19769
4.94283 -1.08239
4.91539 1.19901
4.94454 -1.08106
4.91625 1.20033
4.94621 -1.07975
4.91709 1.20163
4.94788 -1.07845
4.91793 1.20292
4.94956 -1.07714
4.91877 1.20422
5.11797 -1.04633
5.11899 -1.04686
5.11998 -1.04738
5.12097 -1.0479
5.12197 -1.04842
5.12297 -1.04894
5.12396 -1.04946
5.12497 -1.04999
5.126 -1.05053
5.12699 -1.05105
5.12798 -1.05157
5.12896 -1.05208
5.12995 -1.0526
5.13094 -1.05312
5.13207 -1.05371
5.1331 -1.05426
5.1341 -1.05478
5.13508 -1.0553
5.13607 -1.05582
5.13708 -1.05636
5.13807 -1.05688
5.13905 -1.05739
5.14009 -1.05794
4.91617 -1.07819
4.91729 -1.07873
4.91831 -1.07922
4.91932 -1.0797
4.9203 -1.08018
4.92128 -1.08065
4.92229 -1.08114
4.92334 -1.08164
4.92433 -1.08212
4.92531 -1.08259
4.9263 -1.08307
4.92734 -1.08357
4.92837 -1.08407
4.92942 -1.08458
4.93043 -1.08507
4.93142 -1.08555
4.93241 -1.08603
4.93346 -1.08654
4.93444 -1.08702
4.93554 -1.08755
4.9366 -1.08806
4.93763 -1.08856
4.93861 -1.08904
4.93961 -1.08953
4.81971 1.21252
5.06106 -1.1314
4.82057 1.21378
5.0628 -1.13006
4.82153 1.21517
5.06473 -1.12856
4.82247 1.21655
5.06664 -1.12708
4.82332 1.21778
5.06835 -1.12576
4.82427 1.21918
5.07028 -1.12426
4.82511 1.22041
5.07198 -1.12295
4.82595 1.22163
5.07367 -1.12163
4.8268 1.22288
5.0754 -1.12028
4.82766 1.22415
5.07714 -1.11893
4.82871 1.22568
5.07927 -1.11728
4.82969 1.22712
5.08125 -1.11573
4.83057 1.22842
5.08304 -1.11434
4.83147 1.22974
5.08486 -1.11291
4.83248 1.23122
5.08689 -1.11133
4.83331 1.23245
5.08859 -1.11
4.83421 1.23378
5.09041 -1.10857
4.8352 1.23524
5.09242 -1.107
4.83606 1.2365
5.09416 -1.10564
4.83689 1.23773
5.09584 -1.10432
4.83773 1.23898
5.09756 -1.10297
4.83857 1.24022
5.09926 -1.10163
4.94515 -1.10089
4.94713 -1.0994
4.94891 -1.09806
4.95092 -1.09654
4.95261 -1.09526
4.95433 -1.09397
4.95635 -1.09243
4.95809 -1.09112
4.96017 -1.08955
4.96187 -1.08826
4.9639 -1.08672
4.96563 -1.08541
4.96761 -1.0839
4.96945 -1.0825
4.9713 -1.08109
4.97302 -1.07978
4.97506 -1.07822
4.97678 -1.07691
4.97874 -1.07542
4.98045 -1.07411
4.98258 -1.07248
5.10601 -1.13446
5.10796 -1.13293
5.1098 -1.13149
5.11174 -1.12997
5.11381 -1.12835
5.11565 -1.12691
5.1177 -1.1253
5.11954 -1.12385
5.12144 -1.12235
5.12342 -1.12079
5.12532 -1.1193
5.12733 -1.11771
5.12929 -1.11616
5.13131 -1.11457
5.13322 -1.11305
5.13508 -1.11158
5.13709 -1.10999
5.13902 -1.10846
5.14101 -1.10688
5.14328 -1.10508
5.14542 -1.10338
5.14633 -1.10444
5.14726 -1.10554
5.14817 -1.1066
5.14908 -1.10767
5.15004 -1.1088
5.15093 -1.10984
5.15184 -1.11092
4.8899 1.24165
4.96913 -1.06649
4.89188 1.24065
4.97009 -1.06753
4.89371 1.23973
4.97098 -1.06848
4.89605 1.23854
4.97212 -1.0697
4.89815 1.23748
4.97314 -1.0708
4.90003 1.23653
4.97406 -1.07178
4.9017 1.23568
4.97487 -1.07266
4.90336 1.23484
4.97568 -1.07353
4.90502 1.234
4.97648 -1.0744
4.90685 1.23307
4.97737 -1.07536
4.9086 1.23218
4.97822 -1.07627
4.91025 1.23133
4.97902 -1.07714
4.91189 1.2305
4.97982 -1.07801
4.91354 1.22966
4.98062 -1.07887
5.01827 -1.11444
4.86433 1.11302
5.02 -1.11315
4.86523 1.11426
5.0222 -1.11149
4.86637 1.11584
5.02413 -1.11003
4.86737 1.11723
5.02621 -1.10846
4.86845 1.11873
5.02823 -1.10694
4.8695 1.12019
5.02995 -1.10564
4.87039 1.12143
5.03164 -1.10436
4.87127 1.12265
5.03335 -1.10307
4.87215 1.12388
5.03509 -1.10175
4.87306 1.12514
5.03679 -1.10046
4.87394 1.12637
5.03849 -1.09917
4.87482 1.1276
5.04019 -1.09788
4.8757 1.12882
5.04189 -1.09659
4.87658 1.13006
5.04362 -1.09527
4.87748 1.13131
5.04531 -1.09399
4.87835 1.13253
5.04703 -1.09268
4.87924 1.13378
5.04874 -1.09138
4.88012 1.13502
5.05048 -1.09005
4.88102 1.13629
5.05222 -1.08872
4.88192 1.13755
5.05423 -1.08719
4.88296 1.13901
5.05595 -1.08587
4.88385 1.14026
4.92943 1.16942
4.89344 -1.12146
4.93031 1.17069
4.89518 -1.12021
4.9312 1.17198
4.89694 -1.11893
4.93225 1.1735
4.89901 -1.11743
4.93312 1.17476
4.90074 -1.11617
4.93398 1.17602
4.90245 -1.11493
4.93486 1.17728
4.90417 -1.11368
4.93571 1.17852
4.90586 -1.11245
4.93661 1.17983
4.90764 -1.11115
4.93753 1.18117
4.90946 -1.10982
4.93851 1.18259
4.9114 -1.10841
4.93936 1.18384
4.91309 -1.10718
4.94023 1.1851
4.9148 -1.10593
4.94108 1.18634
4.91649 -1.10469
4.94194 1.1876
4.9182 -1.10344
4.94281 1.18888
4.91993 -1.10217
4.94367 1.19012
4.92162 -1.10094
4.94451 1.19137
4.9233 -1.0997
4.94537 1.19261
4.92499 -1.09846
4.94627 1.19393
4.92678 -1.09715
4.94713 1.1952
4.92849 -1.09589
4.94798 1.19645
4.93018 -1.09465
4.94885 1.19773
4.93191 -1.09337
4.86239 1.15498
4.96371 -1.11984
4.86342 1.15643
4.96574 -1.11834
4.86429 1.15765
4.96744 -1.11708
4.86515 1.15887
4.96913 -1.11583
4.86602 1.1601
4.97084 -1.11456
4.86688 1.16131
4.97253 -1.11331
4.86779 1.16259
4.97431 -1.11199
4.86869 1.16387
4.97608 -1.11067
4.86956 1.1651
4.97778 -1.1094
4.87041 1.16631
4.97947 -1.10815
4.87127 1.16753
4.98116 -1.10689
4.87215 1.16878
4.98289 -1.1056
4.87301 1.17
4.98458 -1.10434
4.87387 1.17123
4.98628 -1.10307
4.87476 1.17249
4.98803 -1.10176
4.87562 1.17372
4.98972 -1.1005
4.87664 1.17516
4.99172 -1.099
4.87749 1.17638
4.99341 -1.09774
4.87836 1.17763
4.99512 -1.09645
4.87922 1.17885
4.99681 -1.09519
4.88008 1.18008
4.99851 -1.09392
4.88094 1.18131
5.00021 -1.09264
4.88183 1.18258
5.00195 -1.09133
4.88269 1.18381
5.00365 -1.09005
4.88002 1.15085
4.93994 -1.11176
4.8809 1.15209
4.94165 -1.1105
4.88176 1.15331
4.94334 -1.10926
4.88263 1.15453
4.94504 -1.10801
4.88354 1.15582
4.94682 -1.1067
4.88456 1.15727
4.94882 -1.10522
4.88542 1.15849
4.9505 -1.10398
4.88628 1.15971
4.95219 -1.10273
4.88715 1.16094
4.95388 -1.10148
4.88803 1.1622
4.95561 -1.1002
4.88889 1.16342
4.95729 -1.09895
4.88977 1.16468
4.95903 -1.09767
4.89064 1.16591
4.96072 -1.09641
4.89162 1.16731
4.96265 -1.09498
4.89248 1.16854
4.96433 -1.09373
4.89351 1.17002
4.96636 -1.09222
4.89438 1.17126
4.96807 -1.09095
4.89541 1.17273
4.97009 -1.08944
4.89631 1.17403
4.97186 -1.08812
4.8972 1.1753
4.97361 -1.08681
4.89825 1.1768
4.97566 -1.08528
4.89912 1.17805
4.97738 -1.084
4.89956 1.1192
4.88947 -1.11109
4.90044 1.12044
4.89117 -1.10986
4.90142 1.1218
4.89305 -1.1085
4.90232 1.12307
4.89479 -1.10723
4.90337 1.12454
4.89681 -1.10576
4.90425 1.12579
4.89852 -1.10452
4.90514 1.12704
4.90023 -1.10327
4.90622 1.12856
4.90232 -1.10176
4.9071 1.1298
4.90402 -1.10051
4.9085 1.13179
4.90674 -1.09853
4.90938 1.13303
4.90844 -1.09729
4.91043 1.13452
4.91047 -1.0958
4.91132 1.13577
4.91219 -1.09455
4.91243 1.13734
4.91433 -1.09298
4.9133 1.13858
4.91603 -1.09173
4.91425 1.13993
4.91786 -1.09038
4.91527 1.14138
4.91984 -1.08894
4.91615 1.14263
4.92154 -1.08768
4.91702 1.14387
4.92323 -1.08644
4.91789 1.1451
4.92491 -1.0852
4.91875 1.14634
4.92659 -1.08397
4.91963 1.14759
4.92829 -1.08271
4.89761 -1.11402
4.89934 -1.11276
4.90108 -1.1115
4.90278 -1.11027
4.90447 -1.10903
4.90618 -1.10779
4.90787 -1.10656
4.9096 -1.10529
4.91134 -1.10402
4.91336 -1.10254
4.91508 -1.10128
4.91679 -1.10004
4.9185 -1.09878
4.9202 -1.09754
4.92194 -1.09626
4.92385 -1.09486
4.92556 -1.0936
4.92724 -1.09237
4.92897 -1.09109
4.93066 -1.08985
4.93234 -1.08861
4.93403 -1.08736
4.93575 -1.08609
4.89101 -1.12043
4.91137 1.08569
4.89278 -1.11915
4.9123 1.08698
4.89449 -1.11791
4.9132 1.08823
4.89618 -1.11669
4.91408 1.08946
4.89787 -1.11546
4.91497 1.09069
4.89957 -1.11422
4.91586 1.09193
4.90133 -1.11295
4.91678 1.09321
4.90335 -1.11148
4.91784 1.09469
4.90507 -1.11023
4.91874 1.09595
4.90675 -1.109
4.91962 1.09718
4.90846 -1.10775
4.92052 1.09843
4.91015 -1.10652
4.9214 1.09967
4.91187 -1.10527
4.9223 1.10093
4.91362 -1.10399
4.92321 1.1022
4.91532 -1.10275
4.9241 1.10345
4.91712 -1.10143
4.92504 1.10477
4.91882 -1.10018
4.92593 1.10602
4.92056 -1.09891
4.92684 1.1073
4.92257 -1.09743
4.92789 1.10878
4.92427 -1.09618
4.92878 1.11003
4.92602 -1.0949
4.92969 1.11132
4.92805 -1.09341
4.93075 1.11281
4.92976 -1.09215
4.93164 1.11406
4.89003 1.12809
4.92525 -1.06926
4.89159 1.12741
4.92601 -1.06995
4.89317 1.12673
4.92679 -1.07064
4.89474 1.12606
4.92755 -1.07133
4.89636 1.12535
4.92835 -1.07205
4.89795 1.12466
4.92913 -1.07275
4.89952 1.12398
4.92989 -1.07344
4.90112 1.12329
4.93068 -1.07414
4.90269 1.12261
4.93144 -1.07484
4.90426 1.12192
4.93221 -1.07553
4.90581 1.12125
4.93297 -1.07622
4.90755 1.12049
4.93382 -1.07698
4.90914 1.1198
4.9346 -1.07769
4.91071 1.11911
4.93537 -1.07838
4.9123 1.11842
4.93614 -1.07909
4.91388 1.11772
4.93692 -1.07979
4.91546 1.11703
4.93769 -1.08049
4.91703 1.11634
4.93845 -1.08118
4.91862 1.11565
4.93923 -1.08189
4.92022 1.11494
4.94001 -1.0826
4.92183 1.11424
4.9408 -1.08332
4.92368 1.11342
4.9417 -1.08414
4.92527 1.11272
4.94248 -1.08485
4.92683 1.11203
4.94324 -1.08554
4.92586 1.07769
4.89654 -1.10551
4.92685 1.07904
4.89841 -1.10418
4.92779 1.0803
4.90018 -1.10292
4.92868 1.08152
4.90187 -1.10171
4.92961 1.08278
4.90362 -1.10046
4.93052 1.08403
4.90535 -1.09922
4.93143 1.08527
4.90707 -1.098
4.93234 1.0865
4.90878 -1.09677
4.93325 1.08774
4.9105 -1.09554
4.93417 1.089
4.91225 -1.09428
4.93523 1.09046
4.91427 -1.09284
4.93615 1.09171
4.916 -1.09159
4.93706 1.09296
4.91773 -1.09035
4.93812 1.09442
4.91974 -1.0889
4.93904 1.09567
4.92147 -1.08766
4.93997 1.09695
4.92325 -1.08638
4.941 1.09837
4.9252 -1.08497
4.94195 1.09967
4.92699 -1.08368
4.94284 1.1009
4.92869 -1.08245
4.94373 1.10213
4.93038 -1.08123
4.94463 1.10336
4.93208 -1.08
4.94552 1.10459
4.93377 -1.07878
4.90484 1.07174
4.94761 -1.11232
4.90574 1.07295
4.94931 -1.1111
4.90665 1.07417
4.95102 -1.10986
4.90757 1.07541
4.95276 -1.1086
4.90849 1.07665
4.9545 -1.10734
4.90939 1.07787
4.9562 -1.10611
4.91029 1.07909
4.9579 -1.10487
4.91125 1.08039
4.95972 -1.10356
4.91216 1.08161
4.96142 -1.10232
4.91306 1.08283
4.96314 -1.10107
4.91399 1.08409
4.96489 -1.0998
4.9149 1.08532
4.96661 -1.09854
4.9158 1.08655
4.96832 -1.0973
4.91669 1.08776
4.97001 -1.09607
4.91765 1.08906
4.97182 -1.09475
4.91857 1.09032
4.97357 -1.09347
4.91947 1.09154
4.97527 -1.09223
4.92036 1.09276
4.97696 -1.09099
4.92126 1.09398
4.97866 -1.08975
4.92217 1.09522
4.98038 -1.08848
4.92307 1.09645
4.98209 -1.08723
4.92402 1.09774
4.98388 -1.08592
4.92492 1.09899
4.98561 -1.08465
4.92583 1.10022
4.98732 -1.08339
4.92742 1.09956
4.98809 -1.08408
4.92897 1.09891
4.98885 -1.08475
4.93054 1.09825
4.98962 -1.08543
4.93213 1.09759
4.99039 -1.08612
4.93369 1.09693
4.99114 -1.08679
4.93529 1.09626
4.99192 -1.08749
4.93686 1.0956
4.99268 -1.08817
4.93842 1.09494
4.99344 -1.08885
4.94001 1.09427
4.99422 -1.08954
4.88136 1.13649
5.01493 -1.08251
4.88301 1.13582
5.01572 -1.08323
4.88462 1.13517
5.0165 -1.08394
4.88624 1.13451
5.01728 -1.08464
4.88811 1.13375
5.01818 -1.08546
4.8897 1.13311
5.01895 -1.08615
4.89151 1.13237
5.01982 -1.08694
4.89341 1.1316
5.02074 -1.08777
4.89498 1.13096
5.02149 -1.08845
4.89655 1.13032
5.02225 -1.08914
4.89816 1.12966
5.02303 -1.08985
4.89978 1.129
5.02381 -1.09056
4.90135 1.12836
5.02456 -1.09124
4.90292 1.12772
5.02532 -1.09193
4.89202 1.07052
4.90055 -1.13027
4.89298 1.07176
4.90235 -1.12902
4.89389 1.07296
4.90407 -1.12782
4.89484 1.07421
4.90587 -1.12657
4.89596 1.07567
4.90798 -1.1251
4.89687 1.07687
4.90971 -1.12389
4.89778 1.07807
4.91143 -1.12269
4.89869 1.07927
4.91316 -1.12148
4.8996 1.08046
4.91487 -1.12029
4.90052 1.08168
4.91662 -1.11907
4.90147 1.08293
4.91841 -1.11781
4.90253 1.08433
4.92042 -1.1164
4.90344 1.08552
4.92214 -1.1152
4.90434 1.08672
4.92385 -1.114
4.90525 1.08791
4.92556 -1.11279
4.90619 1.08916
4.92735 -1.11154
4.90711 1.09038
4.9291 -1.11031
4.90802 1.09159
4.93082 -1.1091
4.90893 1.09279
4.93254 -1.10788
4.90982 1.09398
4.93424 -1.10668
4.91073 1.09519
4.93597 -1.10546
4.91163 1.09639
4.93767 -1.10426
4.91255 1.09761
4.93942 -1.10303
4.89225 1.07439
4.9078 -1.11999
4.89319 1.07561
4.90957 -1.11876
4.89412 1.07684
4.91133 -1.11753
4.8952 1.07826
4.91338 -1.11609
4.89611 1.07945
4.91509 -1.1149
4.89703 1.08067
4.91684 -1.11368
4.89794 1.08186
4.91855 -1.11248
4.89884 1.08305
4.92026 -1.11127
4.89979 1.08431
4.92206 -1.11001
4.90072 1.08553
4.92381 -1.10878
4.90179 1.08694
4.92584 -1.10736
4.90271 1.08816
4.92758 -1.10613
4.90362 1.08936
4.92929 -1.10493
4.90452 1.09055
4.931 -1.10372
4.90543 1.09176
4.93272 -1.10251
4.90633 1.09296
4.93444 -1.1013
4.90723 1.09415
4.93614 -1.10009
4.90813 1.09534
4.93784 -1.09889
4.90906 1.09658
4.93961 -1.09764
4.91014 1.09801
4.94165 -1.09619
4.91104 1.09921
4.94335 -1.09499
4.91194 1.10041
4.94507 -1.09377
4.91284 1.10162
4.94678 -1.09255
4.88585 1.08171
4.93171 -1.07281
4.88732 1.0813
4.93255 -1.07324
4.8888 1.08088
4.9334 -1.07367
4.89029 1.08046
4.93425 -1.0741
4.89177 1.08004
4.9351 -1.07453
4.89324 1.07963
4.93594 -1.07496
4.89478 1.07919
4.93682 -1.07541
4.8966 1.07868
4.93786 -1.07594
4.89837 1.07818
4.93888 -1.07646
4.89988 1.07775
4.93974 -1.0769
4.90135 1.07733
4.94058 -1.07733
4.90283 1.07691
4.94143 -1.07776
4.90432 1.07648
4.94228 -1.0782
4.90585 1.07604
4.94316 -1.07865
4.90738 1.07561
4.94403 -1.0791
4.90886 1.07518
4.94488 -1.07953
4.91034 1.07476
4.94572 -1.07996
4.91182 1.07433
4.94657 -1.0804
4.91333 1.0739
4.94743 -1.08084
4.9148 1.07348
4.94828 -1.08128
4.91628 1.07305
4.94912 -1.08171
4.91778 1.07262
4.94998 -1.08215
4.91928 1.07219
4.95084 -1.08259
4.91159 1.1312
4.90581 -1.11597
4.91248 1.13238
4.90754 -1.11479
4.91337 1.13355
4.90925 -1.11361
4.91426 1.13473
4.91096 -1.11244
4.91516 1.13592
4.91269 -1.11125
4.91609 1.13716
4.9145 -1.11001
4.91698 1.13834
4.91622 -1.10883
4.91806 1.13977
4.91828 -1.1074
4.91896 1.14097
4.92003 -1.1062
4.91985 1.14216
4.92175 -1.10502
4.9209 1.14355
4.92378 -1.10362
4.92182 1.14478
4.92556 -1.10239
4.92273 1.146
4.92731 -1.10117
4.92377 1.14738
4.92932 -1.09978
4.92466 1.14857
4.93104 -1.09859
4.9256 1.14982
4.93285 -1.09734
4.92649 1.15101
4.93457 -1.09615
4.92737 1.15219
4.93627 -1.09496
4.92827 1.1534
4.93802 -1.09375
4.92917 1.1546
4.93975 -1.09255
4.93022 1.15602
4.94179 -1.09113
4.93111 1.1572
4.9435 -1.08994
4.93199 1.15839
4.94521 -1.08874
4.88251 1.05142
4.95676 -1.06398
4.88411 1.05083
4.95755 -1.0646
4.88571 1.05023
4.95834 -1.06523
4.88739 1.0496
4.95916 -1.06588
4.88893 1.04902
4.95991 -1.06649
4.8906 1.0484
4.96074 -1.06714
4.89214 1.04782
4.96149 -1.06775
4.89381 1.04719
4.96231 -1.0684
4.89533 1.04662
4.96306 -1.069
4.89706 1.04597
4.96391 -1.06968
4.89863 1.04538
4.96468 -1.07029
4.90027 1.04476
4.96548 -1.07094
4.90181 1.04417
4.96624 -1.07154
4.90347 1.04355
4.96705 -1.0722
4.90502 1.04296
4.96781 -1.07281
4.90653 1.04239
4.96856 -1.0734
4.90821 1.04175
4.96938 -1.07407
4.90973 1.04117
4.97012 -1.07467
4.91143 1.04052
4.97096 -1.07534
4.91296 1.03994
4.97171 -1.07594
4.9146 1.03932
4.97251 -1.07659
4.91611 1.03874
4.97325 -1.07719
4.8767 1.09413
5.00637 -1.06928
4.87837 1.09352
5.00718 -1.06994
4.87992 1.09294
5.00794 -1.07056
4.88171 1.09229
5.0088 -1.07127
4.88324 1.09172
5.00955 -1.07189
4.88479 1.09115
5.0103 -1.07251
4.88632 1.09058
5.01104 -1.07312
4.88785 1.09001
5.01178 -1.07373
4.88947 1.08941
5.01257 -1.07438
4.89102 1.08884
5.01332 -1.075
4.89255 1.08827
5.01406 -1.07561
4.89408 1.0877
5.0148 -1.07623
4.89561 1.08713
5.01554 -1.07684
4.89715 1.08655
5.01629 -1.07746
4.89871 1.08597
5.01704 -1.07808
4.90036 1.08535
5.01784 -1.07875
4.90212 1.0847
5.01869 -1.07945
4.90365 1.08412
5.01943 -1.08007
4.90522 1.08353
5.02019 -1.0807
4.90678 1.08295
5.02095 -1.08133
4.90834 1.08236
5.0217 -1.08196
4.91018 1.08167
5.02259 -1.0827
4.91181 1.08106
5.02338 -1.08336
4.9705 -1.06425
4.97139 -1.06496
4.97213 -1.06556
4.97301 -1.06627
4.97376 -1.06687
4.97466 -1.06759
4.97543 -1.06822
4.97638 -1.06897
4.97714 -1.06959
4.9779 -1.0702
4.97873 -1.07088
4.97948 -1.07148
4.98034 -1.07218
4.98112 -1.07281
4.98186 -1.07341
4.98275 -1.07413
4.9835 -1.07474
4.98425 -1.07535
4.985 -1.07596
4.98575 -1.07656
4.98651 -1.07719
4.98726 -1.0778
4.98801 -1.07841
4.87857 1.11475
5.01754 -1.04963
4.88036 1.11352
5.01791 -1.05095
4.88215 1.1123
5.01828 -1.05226
4.88394 1.11107
5.01865 -1.05358
4.88579 1.1098
5.01904 -1.05494
4.88758 1.10856
5.01941 -1.05626
4.8894 1.10731
5.01978 -1.0576
4.89118 1.10608
5.02015 -1.05892
4.893 1.10482
5.02052 -1.06026
4.89479 1.10358
5.02089 -1.06159
4.89658 1.10234
5.02125 -1.06291
4.89842 1.10106
5.02163 -1.06427
4.9002 1.09982
5.02199 -1.06559
4.90198 1.09858
5.02235 -1.06691
4.90377 1.09734
5.02272 -1.06823
4.90558 1.09608
5.02308 -1.06957
4.90736 1.09483
5.02344 -1.0709
4.90916 1.09357
5.0238 -1.07223
4.91099 1.09228
5.02417 -1.0736
4.91281 1.09101
5.02454 -1.07495
4.91459 1.08976
5.0249 -1.07627
4.91637 1.0885
5.02525 -1.0776
4.91814 1.08725
5.02561 -1.07892
4.87862 1.01801
4.9876 -1.08079
4.88005 1.0181
4.98886 -1.0807
4.88139 1.01818
4.99004 -1.08063
4.88272 1.01827
4.9912 -1.08055
4.88423 1.01836
4.99254 -1.08046
4.88551 1.01845
4.99367 -1.08039
4.88682 1.01853
4.99482 -1.08031
4.8881 1.01861
4.99595 -1.08024
4.88939 1.01869
4.99708 -1.08016
4.89069 1.01878
4.99823 -1.08009
4.89202 1.01886
4.9994 -1.08001
4.89332 1.01894
5.00054 -1.07994
4.89462 1.01902
5.00168 -1.07986
4.89591 1.01911
5.00282 -1.07979
4.8972 1.01919
5.00396 -1.07972
4.89852 1.01927
5.00512 -1.07964
4.89981 1.01935
5.00626 -1.07957
4.90111 1.01943
5.0074 -1.07949
4.90239 1.01952
5.00853 -1.07942
4.90375 1.0196
5.00973 -1.07934
4.90504 1.01968
5.01086 -1.07927
4.90632 1.01976
5.01199 -1.0792
4.90762 1.01984
5.01314 -1.07913
4.90894 1.01993
5.0143 -1.07905
4.87619 1.05294
5.02542 -1.06649
4.87767 1.05253
5.02628 -1.06694
4.87913 1.05213
5.02712 -1.06739
4.88063 1.05171
5.02798 -1.06785
4.8821 1.05131
5.02883 -1.0683
4.88358 1.0509
5.02968 -1.06875
4.88504 1.05049
5.03052 -1.0692
4.88659 1.05007
5.03142 -1.06967
4.88809 1.04965
5.03228 -1.07013
4.88954 1.04925
5.03312 -1.07058
4.891 1.04884
5.03396 -1.07102
4.89246 1.04843
5.0348 -1.07147
4.89394 1.04802
5.03565 -1.07193
4.89541 1.04761
5.0365 -1.07238
4.89689 1.0472
5.03735 -1.07283
4.89837 1.04678
5.0382 -1.07329
4.89983 1.04637
5.03904 -1.07374
4.90129 1.04597
5.03988 -1.07419
4.90279 1.04554
5.04075 -1.07465
4.90428 1.04513
5.0416 -1.07511
4.90575 1.04471
5.04245 -1.07556
4.90722 1.0443
5.0433 -1.07602
4.90872 1.04387
5.04416 -1.07648
4.9102 1.04346
5.04501 -1.07694
4.91168 1.04304
5.04586 -1.0774
4.91314 1.04263
5.0467 -1.07785
4.91461 1.04221
5.04755 -1.0783
4.91607 1.0418
5.04839 -1.07876
4.91754 1.04138
5.04923 -1.07921
4.91905 1.04095
5.0501 -1.07968
4.92051 1.04054
5.05094 -1.08013
4.92198 1.04012
5.05179 -1.08059
4.89404 1.04529
5.00473 -1.07484
4.8955 1.04488
5.00557 -1.07528
4.89696 1.04447
5.00641 -1.07572
4.89843 1.04406
5.00726 -1.07617
4.89997 1.04363
5.00815 -1.07663
4.90175 1.04313
5.00917 -1.07717
4.90322 1.04272
5.01001 -1.07761
4.90473 1.04229
5.01088 -1.07807
4.90621 1.04187
5.01173 -1.07852
4.90773 1.04145
5.01261 -1.07898
4.9092 1.04103
5.01345 -1.07942
4.91107 1.0405
5.01453 -1.07999
4.91313 1.03992
5.01571 -1.08061
4.91535 1.03952
5.0172 -1.08105
4.91762 1.03911
5.01872 -1.0815
4.91986 1.0387
5.02021 -1.08194
4.92215 1.03829
5.02174 -1.08239
4.92432 1.03789
5.02319 -1.08282
4.92622 1.03755
5.02446 -1.08319
4.92776 1.03727
5.0255 -1.0835
4.92946 1.03695
5.02663 -1.08384
4.93114 1.03665
5.02775 -1.08417
4.93263 1.03637
5.02875 -1.08446
4.93404 1.03612
5.02969 -1.08474
4.93574 1.0358
5.03082 -1.08508
4.93718 1.03554
5.03179 -1.08537
4.93861 1.03527
5.03274 -1.08565
4.94004 1.03501
5.0337 -1.08594
4.94147 1.03475
5.03465 -1.08622
4.94316 1.03443
5.03578 -1.08656
4.94459 1.03417
5.03674 -1.08685
4.94599 1.03391
5.03768 -1.08713
4.94743 1.03364
5.03864 -1.08741
5.00917 -1.04798
5.01004 -1.04842
5.01092 -1.04888
5.0118 -1.04933
5.01267 -1.04978
5.01352 -1.05023
5.01437 -1.05067
5.01522 -1.05111
5.01607 -1.05156
5.01693 -1.052
5.0178 -1.05246
5.01866 -1.0529
5.01951 -1.05335
5.02036 -1.05379
5.02121 -1.05424
5.02207 -1.05469
5.02293 -1.05513
5.02379 -1.05559
5.02465 -1.05604
5.02552 -1.0565
5.02642 -1.05697
5.02727 -1.05741
5.02812 -1.05786
5.02897 -1.0583
4.99353 -1.05744
4.99441 -1.05789
4.99526 -1.05832
4.99617 -1.0588
4.99705 -1.05925
4.99796 -1.05971
4.9988 -1.06015
4.99977 -1.06065
5.00062 -1.06109
5.00156 -1.06158
5.00245 -1.06204
5.00334 -1.0625
5.00421 -1.06295
5.00514 -1.06343
5.00606 -1.06391
5.00696 -1.06438
5.0078 -1.06482
5.00877 -1.06532
5.00962 -1.06576
5.0106 -1.06627
5.01145 -1.06671
5.01241 -1.06721
5.02968 -1.07379
5.03077 -1.07412
5.03174 -1.07441
5.0327 -1.0747
5.03381 -1.07503
5.03478 -1.07533
5.03578 -1.07563
5.03687 -1.07596
5.03782 -1.07625
5.03878 -1.07654
5.03973 -1.07682
5.04069 -1.07712
5.04186 -1.07747
5.04301 -1.07782
5.04413 -1.07816
5.0451 -1.07846
5.04605 -1.07875
5.04704 -1.07905
5.04797 -1.07934
5.04917 -1.0797
5.05015 -1.08
5.05109 -1.08029
5.05206 -1.08059
5.06446 -1.07019
5.06546 -1.0705
5.06641 -1.07079
5.06809 -1.07131
5.06957 -1.07177
5.07128 -1.0723
5.07293 -1.07281
5.07456 -1.07332
5.07641 -1.0739
5.07798 -1.07439
5.07937 -1.07482
5.08106 -1.07535
5.08249 -1.07579
5.08399 -1.07627
5.08546 -1.07673
5.03274 -1.05545
5.03353 -1.05732
5.03418 -1.05888
5.03496 -1.06075
5.03565 -1.06241
5.03647 -1.06438
5.03711 -1.06592
5.03794 -1.06794
5.03859 -1.06952
5.03927 -1.07117
5.03989 -1.07269
5.0406 -1.07443
5.04134 -1.07624
5.04202 -1.07792
5.1099 -1.07316
5.11096 -1.07407
5.11209 -1.07505
5.11335 -1.07613
5.11443 -1.07705
5.11564 -1.07809
5.11689 -1.07917
5.11799 -1.08011
5.1194 -1.08133
5.12074 -1.08249
5.12185 -1.08345
5.12309 -1.08452
5.12432 -1.08558
5.12566 -1.08675
5.12676 -1.08771
4.96517 -1.0768
4.96704 -1.07678
4.96869 -1.07676
4.97058 -1.07674
4.97218 -1.07672
4.974 -1.0767
4.97575 -1.07668
4.97747 -1.07666
4.97938 -1.07663
4.98166 -1.07661
4.98382 -1.07658
4.98547 -1.07656
4.98723 -1.07655
4.98899 -1.07653
4.9908 -1.07651
5.10232 -1.0783
5.10392 -1.07853
5.10563 -1.07878
5.10733 -1.07903
5.10894 -1.07927
5.1105 -1.0795
5.11241 -1.07978
5.11395 -1.08001
5.11553 -1.08024
5.1175 -1.08054
5.11929 -1.0808
5.1209 -1.08104
5.12266 -1.0813
5.12425 -1.08154
5.12548 -1.08173
5.04216 -1.08125
5.04317 -1.08156
5.04431 -1.08192
5.04527 -1.08222
5.04621 -1.08252
5.04717 -1.08282
5.04813 -1.08312
5.04909 -1.08342
5.0501 -1.08374
5.05122 -1.08409
5.05217 -1.08439
5.05311 -1.08469
5.05405 -1.08498
5.055 -1.08528
5.05597 -1.08559
5.05693 -1.08589
5.05787 -1.08619
5.05882 -1.08649
5.05977 -1.08679
5.06073 -1.0871
5.06168 -1.0874
5.06262 -1.0877
5.06365 -1.08803
5.01849 -1.08462
5.01957 -1.08495
5.02053 -1.08524
5.02149 -1.08554
5.02244 -1.08583
5.02339 -1.08613
5.02442 -1.08644
5.02538 -1.08674
5.02647 -1.08708
5.02744 -1.08738
5.02838 -1.08767
5.02933 -1.08796
5.03027 -1.08826
5.03125 -1.08856
5.03221 -1.08886
5.03334 -1.08921
5.03429 -1.08951
5.03524 -1.0898
5.03618 -1.09009
5.03713 -1.09039
5.03809 -1.09069
5.03905 -1.09099
5.03999 -1.09129
4.92758 -1.07586
4.92832 -1.07641
4.92906 -1.07695
4.9298 -1.07749
4.93054 -1.07804
4.93129 -1.0786
4.93204 -1.07915
4.93279 -1.07971
4.93352 -1.08025
4.93426 -1.0808
4.935 -1.08135
4.93576 -1.08191
4.93654 -1.08249
4.93739 -1.08313
4.93815 -1.0837
4.93889 -1.08425
4.93981 -1.08493
4.94055 -1.08549
4.94129 -1.08604
4.94204 -1.0866
4.94279 -1.08716
4.94353 -1.08771
4.94426 -1.08826
4.94499 -1.08881
4.94575 -1.08938
4.94649 -1.08994
4.94724 -1.0905
4.94797 -1.09105
4.94871 -1.09161
4.94945 -1.09216
4.9502 -1.09273
4.95093 -1.09328
4.95168 -1.09384
5.04046 -1.0782
5.04124 -1.07882
5.04199 -1.07942
5.04273 -1.08001
5.04348 -1.08061
5.04425 -1.08122
5.045 -1.08181
5.04596 -1.08258
5.04673 -1.0832
5.04761 -1.0839
5.04835 -1.08449
5.04921 -1.08518
5.04999 -1.0858
5.12003 -1.08164
5.12082 -1.08229
5.12156 -1.08292
5.12231 -1.08354
5.12308 -1.08418
5.12399 -1.08495
5.12473 -1.08557
5.12548 -1.0862
5.12624 -1.08684
5.12698 -1.08746
5.12773 -1.08809
5.12847 -1.08871
5.12922 -1.08934
5.12999 -1.08999
5.13096 -1.09081
5.1317 -1.09144
5.13243 -1.09206
5.13317 -1.09268
5.13394 -1.09333
5.13467 -1.09395
5.1354 -1.09457
5.13618 -1.09523
5.06455 -1.07247
5.06532 -1.07309
5.06607 -1.07369
5.06683 -1.07431
5.06757 -1.0749
5.06831 -1.0755
5.06911 -1.07614
5.06985 -1.07674
5.07059 -1.07734
5.07133 -1.07794
5.07207 -1.07854
5.07283 -1.07915
5.07357 -1.07975
5.07436 -1.08039
5.07529 -1.08115
5.07604 -1.08176
5.07679 -1.08237
5.07759 -1.08302
5.07833 -1.08362
5.07907 -1.08422
5.07981 -1.08483
5.08055 -1.08544
5.08133 -1.08607
5.08207 -1.08667
5.12469 -1.06685
5.12544 -1.06773
5.12621 -1.06864
5.12693 -1.06951
5.12769 -1.07041
5.12843 -1.07129
5.12917 -1.07217
5.12996 -1.07311
5.1308 -1.07411
5.13151 -1.07496
5.13225 -1.07584
5.133 -1.07674
5.13372 -1.0776
5.13447 -1.07851
5.13517 -1.07935
5.13588 -1.0802
5.13658 -1.08104
5.13725 -1.08185
5.13789 -1.08262
5.13857 -1.08345
5.13934 -1.08437
5.05086 -1.05174
5.05124 -1.05299
5.05165 -1.05434
5.05205 -1.05566
5.05245 -1.057
5.05286 -1.05836
5.05329 -1.05979
5.05367 -1.06105
5.05405 -1.06235
5.05446 -1.06371
5.05487 -1.06509
5.05524 -1.06637
5.05566 -1.06777
5.056 -1.06895
5.05637 -1.07022
5.05676 -1.07153
5.05717 -1.07296
5.05757 -1.07433
5.05796 -1.07568
5.05832 -1.07691
5.03381 -1.05776
5.03432 -1.0589
5.03475 -1.05988
5.03527 -1.06103
5.0357 -1.06201
5.03624 -1.06322
5.03668 -1.06422
5.0372 -1.06538
5.03763 -1.06636
5.03813 -1.06749
5.03856 -1.06848
5.03907 -1.06963
5.03951 -1.07064
5.04 -1.07176
5.04043 -1.07275
5.04092 -1.07386
5.04139 -1.07494
5.04187 -1.07606
5.0423 -1.07705
5.04285 -1.0783
5.04327 -1.07929
5.04371 -1.08031
